1,1,155.60,683.89,286.66,125.51,0.72,6,-1,-1
1,2,428.82,569.48,71.93,41.84,0.94,4,-1,-1
1,3,1280.69,491.36,278.34,125.51,1.00,6,-1,-1
1,4,1550.49,430.95,87.09,52.29,0.83,5,-1,-1
1,5,2305.25,1129.57,413.24,268.09,0.96,6,-1,-1
1,6,2310.37,424.55,40.98,28.82,0.74,4,-1,-1
2,1,190.02,677.59,281.85,124.77,0.82,6,-1,-1
2,2,428.41,569.85,71.93,41.84,0.93,4,-1,-1
2,3,1291.03,490.98,278.34,123.28,1.00,6,-1,-1
2,4,1552.68,430.95,87.09,53.04,0.80,5,-1,-1
2,5,2339.30,1134.75,380.64,269.57,0.96,6,-1,-1
2,6,2308.86,423.98,43.95,29.00,0.76,4,-1,-1
3,1,226.24,672.50,275.49,120.63,0.63,6,-1,-1
3,2,428.01,570.23,71.93,41.83,0.92,4,-1,-1
3,3,1301.42,489.89,277.00,124.24,1.00,6,-1,-1
3,4,1555.68,431.74,84.42,52.99,0.80,5,-1,-1
3,5,2369.79,1144.20,350.35,264.50,0.93,6,-1,-1
3,6,2309.81,423.84,44.46,29.03,0.65,4,-1,-1
3,7,234.79,671.08,273.64,120.39,0.64,7,-1,-1
3,8,2368.43,499.90,75.13,35.01,0.66,4,-1,-1
4,1,269.21,665.05,267.52,119.37,0.47,6,-1,-1
4,2,427.71,570.32,71.77,41.18,0.85,4,-1,-1
4,3,1314.28,486.94,273.97,121.97,1.00,6,-1,-1
4,4,1559.22,431.66,82.27,53.62,0.88,5,-1,-1
4,5,2405.12,1154.97,315.06,257.62,0.98,6,-1,-1
4,6,2310.18,423.64,44.57,28.88,0.80,4,-1,-1
4,8,2376.51,499.48,75.13,35.69,0.83,4,-1,-1
5,1,329.76,661.35,237.93,114.61,0.65,7,-1,-1
5,2,427.44,570.03,70.61,39.70,0.86,4,-1,-1
5,3,1328.77,486.00,266.71,119.32,1.00,6,-1,-1
5,4,1560.83,431.58,82.96,53.81,0.85,5,-1,-1
5,5,2444.79,1168.88,276.75,244.06,0.88,6,-1,-1
5,6,2311.52,424.32,44.57,27.72,0.68,4,-1,-1
5,8,2385.91,499.98,75.13,34.51,0.84,4,-1,-1
6,1,352.45,655.10,249.05,113.80,0.92,6,-1,-1
6,2,426.36,569.31,71.31,40.48,0.83,4,-1,-1
6,3,1341.86,484.60,263.15,118.51,1.00,6,-1,-1
6,4,1563.19,431.49,82.00,53.72,0.84,5,-1,-1
6,5,2483.79,1176.24,235.42,241.22,0.94,6,-1,-1
6,6,2313.27,423.92,44.54,28.74,0.72,4,-1,-1
6,8,2397.16,501.00,75.13,32.09,0.84,4,-1,-1
6,9,346.64,654.01,256.99,114.41,0.92,6,-1,-1
7,1,383.53,649.00,248.07,112.41,0.96,6,-1,-1
7,2,425.67,569.40,70.97,40.16,0.91,4,-1,-1
7,3,1353.65,483.24,259.69,116.47,1.00,6,-1,-1
7,4,1567.50,431.54,79.31,52.63,0.94,5,-1,-1
7,5,2525.07,1183.07,193.55,231.98,0.79,6,-1,-1
7,6,2313.87,423.68,46.90,29.08,0.69,4,-1,-1
7,8,2406.83,500.86,75.14,32.75,0.74,4,-1,-1
8,1,416.20,644.42,244.91,109.04,0.91,6,-1,-1
8,2,425.48,568.85,70.85,40.65,0.94,4,-1,-1
8,3,1365.03,481.68,256.23,115.22,1.00,6,-1,-1
8,4,1570.71,431.62,79.61,52.23,0.95,5,-1,-1
8,5,2565.31,1191.70,154.52,225.47,0.87,6,-1,-1
8,6,2316.34,423.40,45.44,28.62,0.85,4,-1,-1
8,8,2418.26,499.95,72.66,35.47,0.57,4,-1,-1
9,1,450.92,638.89,240.03,107.95,0.97,6,-1,-1
9,2,425.15,568.37,71.39,42.00,0.97,4,-1,-1
9,3,1375.66,480.90,255.16,116.02,1.00,6,-1,-1
9,4,1574.11,431.79,77.41,51.65,0.91,5,-1,-1
9,6,2317.28,423.16,47.16,29.48,0.67,4,-1,-1
9,8,2426.65,499.65,74.26,35.81,0.68,4,-1,-1
10,1,488.92,634.23,229.65,106.48,0.96,6,-1,-1
10,2,424.24,568.22,72.17,43.06,0.97,4,-1,-1
10,3,1387.21,479.53,251.40,116.36,1.00,6,-1,-1
10,4,1576.99,432.03,76.65,51.30,0.92,5,-1,-1
10,6,2318.74,423.11,47.77,29.78,0.66,4,-1,-1
10,8,2437.50,500.73,77.18,35.92,0.84,4,-1,-1
11,1,517.23,629.24,228.56,104.86,0.95,6,-1,-1
11,2,423.48,568.44,71.89,42.33,0.97,4,-1,-1
11,3,1397.75,478.17,247.84,115.36,0.98,6,-1,-1
11,4,1577.76,432.35,77.60,51.18,0.89,5,-1,-1
11,6,2319.09,423.17,47.98,29.75,0.49,4,-1,-1
11,8,2447.86,501.35,78.24,35.95,0.82,4,-1,-1
12,1,546.79,624.72,224.86,102.05,0.77,6,-1,-1
12,2,422.29,568.50,72.78,42.61,0.97,4,-1,-1
12,3,1408.16,477.75,245.52,114.47,1.00,6,-1,-1
12,4,1580.35,432.64,75.68,50.72,0.96,5,-1,-1
12,6,2321.57,422.85,45.78,29.88,0.31,4,-1,-1
12,8,2458.33,500.80,78.62,37.68,0.78,4,-1,-1
13,1,576.05,620.45,221.99,100.53,0.94,6,-1,-1
13,2,421.94,568.02,72.69,42.71,0.96,4,-1,-1
13,3,1417.79,475.38,243.64,114.74,1.00,6,-1,-1
13,4,1582.26,432.76,73.84,51.13,0.99,5,-1,-1
13,6,2324.69,423.02,42.60,28.79,0.14,4,-1,-1
13,8,2467.49,501.15,78.74,37.19,0.84,4,-1,-1
13,10,918.68,840.13,124.65,68.30,0.64,4,-1,-1
14,1,607.60,616.17,213.60,98.33,0.78,6,-1,-1
14,2,420.81,567.51,72.79,43.88,0.97,4,-1,-1
14,3,1427.80,473.39,241.94,114.31,0.99,6,-1,-1
14,4,1583.45,433.22,73.22,51.15,0.99,5,-1,-1
14,6,2325.83,422.95,41.41,28.51,0.41,4,-1,-1
14,8,2477.42,501.87,81.04,38.11,0.80,4,-1,-1
14,10,930.84,843.20,128.75,67.97,0.51,4,-1,-1
14,11,604.49,616.87,215.16,98.19,0.69,6,-1,-1
15,1,637.49,612.77,207.25,95.28,0.82,6,-1,-1
15,2,420.93,567.86,72.12,42.63,0.96,4,-1,-1
15,3,1438.00,471.78,237.97,113.60,0.99,6,-1,-1
15,4,1585.00,432.89,74.18,51.30,0.99,5,-1,-1
15,6,2328.54,422.41,41.00,27.98,0.22,4,-1,-1
15,8,2488.72,502.03,81.88,39.57,0.87,4,-1,-1
15,10,946.21,846.73,132.14,68.23,0.72,4,-1,-1
15,11,628.99,614.44,209.69,94.77,0.85,6,-1,-1
16,1,663.72,607.35,204.61,94.86,0.74,6,-1,-1
16,2,420.67,567.40,71.86,42.70,0.97,4,-1,-1
16,3,1447.61,469.82,234.32,115.08,0.96,6,-1,-1
16,4,1588.33,432.62,73.43,51.79,0.98,5,-1,-1
16,6,2329.47,422.25,40.87,28.08,0.22,4,-1,-1
16,8,2499.41,502.41,82.18,39.56,0.78,4,-1,-1
16,10,966.52,850.23,135.92,71.30,0.92,4,-1,-1
16,11,653.94,609.28,206.64,94.78,0.97,6,-1,-1
17,1,688.51,604.21,204.44,91.31,0.93,6,-1,-1
17,2,420.36,567.61,71.76,42.16,0.93,4,-1,-1
17,3,1457.09,466.96,231.95,117.34,0.93,6,-1,-1
17,4,1590.67,432.74,73.18,51.84,0.97,5,-1,-1
17,8,2509.90,502.62,84.51,40.09,0.60,4,-1,-1
17,10,990.35,855.08,135.81,71.64,0.94,4,-1,-1
17,11,682.00,605.36,206.32,91.44,0.79,7,-1,-1
18,1,714.58,600.30,200.79,89.49,0.96,6,-1,-1
18,2,419.94,566.78,71.58,41.94,0.96,4,-1,-1
18,3,1466.47,466.64,230.04,114.80,0.66,6,-1,-1
18,4,1593.14,432.63,71.97,51.85,0.98,5,-1,-1
18,8,2521.27,502.18,83.14,41.38,0.79,4,-1,-1
18,10,1011.94,859.25,138.07,71.97,0.98,4,-1,-1
18,11,709.54,600.66,202.75,90.39,0.83,6,-1,-1
18,12,0.05,445.68,65.00,85.38,0.66,6,-1,-1
19,1,748.86,596.53,194.41,88.35,0.93,6,-1,-1
19,2,425.51,567.38,71.65,41.30,0.99,4,-1,-1
19,3,1481.59,467.31,235.16,113.27,0.67,6,-1,-1
19,4,1600.29,433.17,70.40,51.99,0.99,5,-1,-1
19,8,2538.20,503.05,82.56,40.20,0.30,4,-1,-1
19,10,1039.40,864.20,139.96,70.85,0.99,4,-1,-1
19,11,743.91,596.90,196.00,88.25,0.56,6,-1,-1
20,1,785.46,591.68,193.35,87.42,0.92,6,-1,-1
20,2,438.68,566.26,71.63,41.04,0.89,4,-1,-1
20,3,1503.10,467.85,227.93,110.42,0.81,6,-1,-1
20,4,1613.97,433.49,69.81,51.04,0.93,5,-1,-1
20,8,2564.97,505.43,82.27,39.14,0.27,4,-1,-1
20,10,1078.03,867.61,138.16,71.86,0.96,4,-1,-1
20,11,782.85,591.37,192.85,88.82,0.85,6,-1,-1
21,2,457.48,565.32,71.05,42.10,0.85,4,-1,-1
21,3,1527.66,468.15,225.24,110.00,0.74,6,-1,-1
21,4,1632.54,433.96,69.61,49.00,0.97,5,-1,-1
21,8,2597.10,506.91,82.13,40.44,0.49,4,-1,-1
21,10,1115.40,872.94,139.70,72.24,0.95,4,-1,-1
22,2,477.75,564.18,70.84,41.96,0.91,4,-1,-1
22,3,1555.08,467.39,226.68,110.51,0.82,6,-1,-1
22,4,1653.53,434.79,69.58,49.26,0.95,5,-1,-1
22,10,1160.14,878.48,137.95,70.97,0.98,4,-1,-1
22,13,5.12,445.68,126.58,79.40,0.94,6,-1,-1
22,14,869.59,585.70,183.14,84.53,0.62,6,-1,-1
22,1,870.71,583.81,186.60,86.16,0.99,6,-1,-1
23,2,500.17,564.75,70.76,40.78,0.94,4,-1,-1
23,3,1584.21,467.30,224.42,110.71,0.67,6,-1,-1
23,4,1675.41,435.53,67.31,48.23,0.93,5,-1,-1
23,10,1204.52,884.51,137.22,71.60,0.98,4,-1,-1
23,13,30.55,444.97,126.44,79.42,0.96,6,-1,-1
23,1,914.94,580.02,181.34,86.86,0.95,6,-1,-1
24,2,523.05,563.08,71.88,40.90,0.92,4,-1,-1
24,3,1614.29,464.21,220.87,110.82,0.34,6,-1,-1
24,4,1698.56,435.35,67.09,47.43,0.88,5,-1,-1
24,10,1249.45,889.29,138.09,72.97,0.98,4,-1,-1
24,13,57.03,443.93,126.74,78.78,0.93,6,-1,-1
24,1,958.40,576.59,178.39,84.29,0.97,6,-1,-1
25,2,546.85,562.40,71.72,39.80,0.98,4,-1,-1
25,3,1639.70,452.30,225.31,121.56,0.32,6,-1,-1
25,4,1720.58,436.65,65.87,46.27,0.69,5,-1,-1
25,10,1292.06,894.41,140.61,73.45,0.99,4,-1,-1
25,13,85.71,443.01,124.90,77.20,0.97,6,-1,-1
25,1,1002.68,573.20,173.85,83.84,0.96,6,-1,-1
26,2,570.98,561.90,69.44,39.97,0.96,4,-1,-1
26,3,1672.36,461.71,220.26,109.77,0.95,6,-1,-1
26,4,1743.69,436.95,64.92,46.16,0.88,5,-1,-1
26,10,1336.68,900.25,141.61,74.76,1.00,4,-1,-1
26,13,113.46,443.44,121.97,74.81,0.98,6,-1,-1
26,1,1045.31,569.55,170.03,83.70,0.87,6,-1,-1
26,15,1041.63,570.33,172.47,82.82,0.80,6,-1,-1
27,2,593.54,561.56,69.14,39.47,0.99,4,-1,-1
27,3,1704.17,464.77,217.84,104.14,0.93,6,-1,-1
27,4,1765.95,437.44,64.59,46.41,0.94,5,-1,-1
27,10,1380.48,906.85,144.18,75.23,1.00,4,-1,-1
27,13,140.84,443.40,121.37,73.46,0.98,6,-1,-1
27,1,1088.25,567.92,166.37,81.94,0.95,6,-1,-1
28,2,616.37,561.33,68.46,38.71,0.96,4,-1,-1
28,3,1734.52,464.82,215.31,104.43,0.97,6,-1,-1
28,4,1787.92,438.11,64.50,47.22,0.89,5,-1,-1
28,10,1425.65,913.75,145.11,76.49,1.00,4,-1,-1
28,13,168.36,442.04,119.71,74.90,0.97,6,-1,-1
28,1,1130.76,566.22,161.64,80.12,0.99,6,-1,-1
28,16,1345.58,429.03,64.89,35.01,0.63,4,-1,-1
29,2,639.06,559.98,67.10,39.01,0.97,4,-1,-1
29,3,1766.47,465.94,209.92,101.74,0.90,6,-1,-1
29,4,1810.23,439.12,64.50,45.86,0.94,5,-1,-1
29,10,1469.38,920.68,148.80,78.10,1.00,4,-1,-1
29,13,195.03,441.39,118.38,75.45,0.99,6,-1,-1
29,1,1171.01,564.81,160.04,78.91,0.97,7,-1,-1
29,16,1364.91,429.74,60.75,36.21,0.82,4,-1,-1
29,17,5.34,530.21,57.52,37.57,0.94,4,-1,-1
30,2,661.65,559.91,66.02,38.00,0.97,4,-1,-1
30,3,1796.31,468.20,207.99,100.75,0.96,6,-1,-1
30,4,1832.22,440.42,64.53,45.34,0.97,5,-1,-1
30,10,1515.04,928.79,151.26,78.68,1.00,4,-1,-1
30,13,223.11,441.62,114.63,74.50,0.98,6,-1,-1
30,1,1209.71,563.13,158.38,77.90,0.98,7,-1,-1
30,16,1383.74,430.34,58.58,35.79,0.77,4,-1,-1
30,17,39.26,529.78,57.76,37.58,0.98,4,-1,-1
31,2,682.80,559.45,67.95,38.77,0.98,4,-1,-1
31,3,1826.94,467.89,207.43,100.44,0.97,6,-1,-1
31,4,1855.70,441.15,62.31,43.46,0.94,5,-1,-1
31,10,1560.70,936.58,155.53,80.00,1.00,4,-1,-1
31,13,250.00,440.67,112.79,74.18,0.99,6,-1,-1
31,1,1250.94,561.01,154.47,76.99,0.97,7,-1,-1
31,16,1403.04,429.56,60.67,36.98,0.58,4,-1,-1
31,17,73.24,530.18,58.15,36.27,0.99,4,-1,-1
32,2,705.11,558.64,66.41,39.06,0.96,4,-1,-1
32,3,1856.37,468.64,207.28,98.09,0.99,6,-1,-1
32,4,1877.08,442.24,61.49,42.20,0.97,5,-1,-1
32,10,1607.10,945.20,158.76,80.49,1.00,4,-1,-1
32,13,275.57,440.79,111.89,72.94,0.99,6,-1,-1
32,1,1288.92,559.18,151.96,76.11,0.93,7,-1,-1
32,16,1423.12,429.82,61.32,36.73,0.41,5,-1,-1
32,17,108.45,531.73,58.75,35.83,0.99,4,-1,-1
32,18,14.23,493.49,50.49,28.18,0.87,4,-1,-1
32,19,21.91,528.50,60.59,37.57,0.78,4,-1,-1
32,20,1277.28,775.25,78.55,67.45,0.67,4,-1,-1
33,2,726.33,558.34,66.99,38.07,0.98,4,-1,-1
33,3,1886.10,468.26,209.68,97.87,0.97,6,-1,-1
33,4,1901.86,443.68,58.96,41.78,0.98,5,-1,-1
33,10,1656.15,954.28,162.24,81.80,1.00,4,-1,-1
33,13,301.78,439.96,109.66,72.53,0.99,6,-1,-1
33,1,1327.91,555.75,150.07,76.98,0.91,7,-1,-1
33,16,1440.17,428.80,66.47,38.02,0.21,4,-1,-1
33,17,143.16,532.68,58.80,35.74,0.99,4,-1,-1
33,18,36.60,490.80,49.86,28.20,0.83,4,-1,-1
33,19,55.02,528.54,60.24,37.59,0.75,4,-1,-1
33,20,1295.92,782.02,100.38,66.12,0.87,4,-1,-1
34,2,745.60,558.30,67.14,38.28,0.98,4,-1,-1
34,3,1913.22,469.74,208.11,96.76,0.99,6,-1,-1
34,4,1921.82,446.37,57.98,41.65,0.93,5,-1,-1
34,10,1699.95,964.76,164.40,82.34,1.00,4,-1,-1
34,13,326.21,439.76,106.73,72.42,0.98,6,-1,-1
34,1,1364.74,555.72,145.82,75.11,0.94,7,-1,-1
34,16,1448.07,430.97,68.13,38.33,0.40,4,-1,-1
34,17,176.25,534.08,57.12,35.13,0.99,4,-1,-1
34,18,55.63,488.58,49.70,28.87,0.90,4,-1,-1
34,19,87.65,528.81,59.29,37.61,0.94,4,-1,-1
34,20,1320.74,793.83,111.37,60.62,0.94,4,-1,-1
35,2,751.05,558.83,66.77,37.75,0.97,4,-1,-1
35,3,1926.85,468.50,210.23,95.65,0.96,6,-1,-1
35,4,1929.56,444.95,57.78,42.17,0.35,5,-1,-1
35,10,1735.50,971.81,166.60,84.61,1.00,4,-1,-1
35,13,331.54,439.25,107.57,72.91,0.99,6,-1,-1
35,1,1388.91,553.79,144.65,73.16,0.95,7,-1,-1
35,16,1446.29,428.87,78.00,41.59,0.38,4,-1,-1
35,17,190.88,535.22,58.00,36.13,0.99,4,-1,-1
35,18,56.53,487.52,50.23,29.72,0.93,4,-1,-1
35,19,102.96,529.95,60.60,38.91,0.96,4,-1,-1
35,20,1343.09,799.71,118.46,60.84,0.98,4,-1,-1
36,2,751.52,558.91,66.65,38.11,0.97,4,-1,-1
36,3,1937.63,467.85,206.58,94.63,0.95,6,-1,-1
36,4,1931.61,444.77,55.47,43.50,0.88,5,-1,-1
36,10,1766.03,979.65,167.95,84.28,1.00,4,-1,-1
36,13,332.12,439.61,107.93,72.51,0.99,6,-1,-1
36,1,1404.35,551.42,145.48,72.42,0.88,7,-1,-1
36,16,1440.53,427.21,88.14,45.25,0.41,6,-1,-1
36,17,199.03,537.04,59.50,36.47,0.99,4,-1,-1
36,18,51.97,485.97,50.09,29.96,0.94,4,-1,-1
36,19,112.38,531.83,61.51,39.93,0.96,4,-1,-1
36,20,1364.37,805.68,124.40,60.96,0.99,4,-1,-1
37,2,750.66,559.24,67.17,38.24,0.97,4,-1,-1
37,3,1945.59,468.19,205.21,92.58,0.96,6,-1,-1
37,4,1932.01,444.96,54.64,48.49,0.99,5,-1,-1
37,10,1796.70,987.93,170.60,85.23,1.00,4,-1,-1
37,13,332.32,440.34,106.69,71.23,0.99,6,-1,-1
37,1,1421.65,548.33,143.57,73.33,0.86,7,-1,-1
37,16,1432.22,430.69,65.69,37.34,0.67,4,-1,-1
37,17,208.15,539.39,58.66,35.43,0.99,4,-1,-1
37,18,46.83,484.90,49.08,30.01,0.92,4,-1,-1
37,19,120.90,533.67,61.64,40.24,0.95,4,-1,-1
37,20,1387.36,811.68,127.51,61.06,0.99,4,-1,-1
37,21,1419.01,548.14,146.85,73.43,0.61,6,-1,-1
38,2,750.15,559.09,67.36,38.87,0.97,4,-1,-1
38,3,1952.82,468.44,204.72,89.58,0.99,6,-1,-1
38,4,1932.14,445.10,54.37,52.51,0.99,5,-1,-1
38,10,1827.66,995.36,173.76,86.68,1.00,4,-1,-1
38,13,332.39,440.28,106.26,70.78,0.99,6,-1,-1
38,1,1437.63,545.06,141.79,74.26,0.83,7,-1,-1
38,16,1428.07,428.52,86.40,44.34,0.87,4,-1,-1
38,17,216.33,541.57,58.10,35.64,0.99,4,-1,-1
38,18,40.95,484.23,48.51,28.82,0.94,4,-1,-1
38,19,127.24,535.71,63.00,40.33,0.98,4,-1,-1
38,20,1412.23,816.22,129.56,63.27,1.00,4,-1,-1
39,2,749.57,558.75,68.00,39.67,0.97,4,-1,-1
39,3,1959.61,467.72,202.31,88.54,0.98,6,-1,-1
39,4,1930.88,445.44,54.30,53.57,1.00,5,-1,-1
39,10,1858.55,1002.97,177.11,89.44,1.00,4,-1,-1
39,13,331.66,439.95,106.71,71.78,0.99,6,-1,-1
39,1,1453.55,542.79,142.34,73.51,0.79,7,-1,-1
39,16,1423.62,426.99,94.48,47.04,0.61,4,-1,-1
39,17,222.79,543.71,58.97,35.72,0.98,4,-1,-1
39,18,35.36,483.13,47.36,28.37,0.88,4,-1,-1
39,19,134.55,538.71,63.18,39.16,0.98,4,-1,-1
39,20,1436.91,821.42,132.38,64.94,0.99,4,-1,-1
39,22,88.58,411.10,90.50,51.65,0.60,6,-1,-1
39,23,1423.28,432.23,46.10,32.66,0.65,4,-1,-1
40,2,748.85,558.87,68.80,39.97,0.97,4,-1,-1
40,3,1967.52,466.90,199.16,87.64,0.99,6,-1,-1
40,4,1929.25,445.33,54.30,54.51,1.00,5,-1,-1
40,10,1891.76,1010.62,178.32,91.57,1.00,4,-1,-1
40,13,330.95,439.50,107.05,72.73,0.99,6,-1,-1
40,1,1470.19,540.62,140.32,72.11,0.95,7,-1,-1
40,16,1419.90,427.61,92.57,46.35,0.77,4,-1,-1
40,17,230.32,545.24,59.86,36.34,0.99,4,-1,-1
40,18,28.86,481.57,47.35,28.80,0.82,4,-1,-1
40,19,142.59,540.58,63.21,39.88,0.98,4,-1,-1
40,20,1463.20,827.12,133.28,65.55,1.00,4,-1,-1
40,24,1419.86,427.75,90.50,46.10,0.67,6,-1,-1
41,2,748.61,558.95,68.54,38.97,0.97,4,-1,-1
41,3,1975.83,467.81,198.03,85.64,0.99,6,-1,-1
41,4,1927.48,445.88,54.33,55.41,0.99,5,-1,-1
41,10,1923.65,1019.99,183.14,91.26,1.00,4,-1,-1
41,13,329.08,440.47,108.77,71.98,0.99,6,-1,-1
41,1,1485.35,539.09,139.63,71.04,0.91,7,-1,-1
41,16,1416.48,427.96,90.36,47.11,0.74,4,-1,-1
41,17,238.63,548.03,59.62,35.43,0.99,4,-1,-1
41,18,22.83,481.08,46.24,28.38,0.79,4,-1,-1
41,19,150.63,542.38,62.63,39.56,0.97,4,-1,-1
41,20,1488.95,833.06,135.68,65.77,0.99,4,-1,-1
41,24,1417.05,428.10,89.14,47.47,0.85,6,-1,-1
41,25,654.01,584.85,67.45,43.54,0.65,4,-1,-1
42,2,748.38,558.93,68.43,39.15,0.97,4,-1,-1
42,3,1981.89,467.62,197.66,84.98,0.97,6,-1,-1
42,4,1925.53,445.57,54.37,56.84,0.98,5,-1,-1
42,10,1956.99,1028.38,187.12,93.33,1.00,4,-1,-1
42,13,328.19,440.75,108.44,71.71,0.99,6,-1,-1
42,1,1501.55,538.34,137.15,68.97,0.96,7,-1,-1
42,17,245.94,550.05,60.65,36.24,0.99,4,-1,-1
42,18,16.05,479.99,46.41,28.81,0.66,4,-1,-1
42,19,157.08,544.90,63.32,39.43,0.99,4,-1,-1
42,20,1515.88,839.90,136.46,66.13,1.00,4,-1,-1
42,25,643.24,583.83,66.09,44.23,0.56,4,-1,-1
42,26,84.31,410.25,93.70,53.79,0.66,6,-1,-1
43,2,747.90,558.71,68.39,39.22,0.97,4,-1,-1
43,3,1989.64,466.43,195.30,85.36,0.91,6,-1,-1
43,4,1923.77,445.74,54.40,57.36,0.99,5,-1,-1
43,10,1992.33,1036.33,188.58,96.29,1.00,4,-1,-1
43,13,328.25,441.50,107.20,70.48,0.98,6,-1,-1
43,1,1518.41,536.75,134.00,67.65,0.90,7,-1,-1
43,17,252.62,551.96,62.15,36.54,0.99,4,-1,-1
43,18,10.76,479.45,46.03,28.39,0.67,4,-1,-1
43,19,164.88,547.29,63.43,40.51,0.99,4,-1,-1
43,20,1543.04,845.96,137.73,67.67,1.00,4,-1,-1
43,25,627.96,582.38,69.14,46.32,0.39,4,-1,-1
43,27,1403.64,428.39,90.50,46.32,0.81,6,-1,-1
43,16,1404.67,428.57,91.20,46.57,0.76,4,-1,-1
44,2,747.22,558.33,68.37,40.37,0.96,4,-1,-1
44,3,1995.66,466.35,196.74,86.13,0.97,6,-1,-1
44,4,1920.89,446.16,56.70,57.54,0.96,5,-1,-1
44,10,2027.20,1045.28,193.47,97.41,1.00,4,-1,-1
44,13,328.30,442.29,106.18,69.46,0.99,6,-1,-1
44,1,1534.85,535.14,131.75,67.21,0.91,7,-1,-1
44,17,261.21,553.96,61.87,36.65,0.98,4,-1,-1
44,18,5.11,478.09,46.00,28.23,0.39,4,-1,-1
44,19,172.88,549.48,62.81,40.35,0.99,4,-1,-1
44,20,1571.74,853.13,139.20,68.24,0.99,4,-1,-1
44,25,610.92,578.62,69.49,43.16,0.94,4,-1,-1
44,27,1400.85,428.26,90.51,47.52,0.83,6,-1,-1
44,16,1400.56,428.76,90.66,47.22,0.79,5,-1,-1
44,28,84.31,410.68,91.36,53.79,0.61,6,-1,-1
45,2,746.85,558.49,68.36,40.81,0.97,4,-1,-1
45,3,2004.38,466.62,192.80,85.32,0.97,6,-1,-1
45,4,1918.68,446.87,57.56,57.03,1.00,5,-1,-1
45,10,2062.89,1054.59,197.49,98.91,1.00,4,-1,-1
45,13,328.71,442.88,104.68,69.10,0.99,6,-1,-1
45,1,1551.63,533.48,128.70,66.51,0.77,7,-1,-1
45,17,269.21,556.37,62.03,37.26,0.99,4,-1,-1
45,18,0.62,477.66,44.31,28.18,0.27,4,-1,-1
45,19,179.60,552.25,63.49,40.27,0.99,4,-1,-1
45,20,1598.14,859.61,143.01,69.57,1.00,4,-1,-1
45,25,595.25,575.81,70.78,45.29,0.95,4,-1,-1
45,28,82.48,410.92,92.73,54.30,0.74,6,-1,-1
45,29,0.88,505.02,57.07,42.69,0.71,4,-1,-1
45,30,1550.49,534.05,128.07,65.74,0.78,6,-1,-1
46,2,746.00,558.47,68.91,40.97,0.96,4,-1,-1
46,3,2010.73,467.28,191.34,83.91,0.96,6,-1,-1
46,4,1917.84,447.13,57.89,56.80,0.99,5,-1,-1
46,10,2098.88,1063.93,201.14,100.55,1.00,4,-1,-1
46,13,327.86,442.70,105.28,70.12,0.99,6,-1,-1
46,1,1564.58,531.47,128.80,65.71,0.86,7,-1,-1
46,17,277.57,558.79,62.35,36.93,0.99,4,-1,-1
46,18,-1.31,476.87,40.69,28.16,0.22,4,-1,-1
46,19,186.31,554.81,64.37,39.67,0.96,4,-1,-1
46,20,1626.98,866.53,145.47,70.89,1.00,4,-1,-1
46,25,581.83,571.88,73.59,54.45,0.47,6,-1,-1
46,28,82.27,411.09,93.15,54.57,0.50,6,-1,-1
46,29,4.71,507.10,58.29,42.69,0.76,5,-1,-1
46,31,6.40,507.58,58.22,42.69,0.65,4,-1,-1
46,16,1387.37,429.64,94.49,47.67,0.92,5,-1,-1
47,2,745.34,558.47,68.56,40.46,0.94,4,-1,-1
47,3,2017.25,466.38,190.84,85.14,0.97,6,-1,-1
47,4,1916.33,447.77,58.02,56.69,0.95,5,-1,-1
47,10,2137.13,1073.31,204.66,102.23,0.99,4,-1,-1
47,13,326.60,442.65,105.80,70.51,0.99,6,-1,-1
47,1,1578.93,530.23,126.61,65.45,0.88,7,-1,-1
47,17,285.71,561.33,62.46,36.80,1.00,4,-1,-1
47,18,-1.74,476.65,35.17,27.01,0.20,4,-1,-1
47,19,194.27,556.85,64.55,40.00,0.99,4,-1,-1
47,20,1656.14,873.14,148.52,72.77,0.99,4,-1,-1
47,25,570.49,570.79,69.26,49.96,0.95,4,-1,-1
47,28,81.39,411.49,93.46,53.99,0.75,6,-1,-1
47,29,10.10,508.20,58.85,43.35,0.78,5,-1,-1
47,31,10.94,508.32,58.48,43.37,0.62,4,-1,-1
47,16,1381.92,430.96,91.99,46.06,0.67,5,-1,-1
47,32,1380.59,430.74,92.21,45.25,0.81,6,-1,-1
48,2,745.76,559.68,67.29,39.13,0.94,4,-1,-1
48,3,2025.17,466.69,188.44,84.48,0.99,6,-1,-1
48,4,1914.75,448.37,58.07,56.62,0.96,5,-1,-1
48,10,2176.42,1083.37,208.14,103.95,0.99,4,-1,-1
48,13,325.07,442.98,106.86,71.23,0.99,6,-1,-1
48,1,1592.80,528.77,127.03,65.38,0.90,7,-1,-1
48,17,294.61,563.70,62.21,37.31,1.00,4,-1,-1
48,19,202.01,559.89,65.17,40.69,0.99,4,-1,-1
48,20,1687.21,880.53,150.16,73.46,1.00,4,-1,-1
48,25,558.90,569.84,66.30,46.49,0.92,4,-1,-1
48,28,81.69,410.87,92.27,55.25,0.31,6,-1,-1
48,29,16.22,509.91,60.30,44.89,0.16,5,-1,-1
48,31,15.81,509.85,59.93,44.81,0.94,5,-1,-1
48,16,1376.18,431.36,92.18,45.33,0.95,5,-1,-1
49,2,745.06,559.84,66.81,39.20,0.96,4,-1,-1
49,3,2032.35,466.51,187.59,84.83,0.97,6,-1,-1
49,4,1913.04,448.85,58.09,56.58,0.96,5,-1,-1
49,10,2217.08,1094.68,211.59,104.56,0.99,4,-1,-1
49,13,323.48,443.65,107.56,70.95,0.98,6,-1,-1
49,1,1606.43,527.71,124.96,65.38,0.86,7,-1,-1
49,17,302.85,566.21,62.94,38.06,1.00,4,-1,-1
49,19,209.48,561.52,64.90,40.94,0.97,4,-1,-1
49,20,1717.25,888.14,152.91,73.70,1.00,4,-1,-1
49,25,545.29,569.33,65.85,43.40,0.99,4,-1,-1
49,28,80.70,412.34,92.18,53.67,0.34,6,-1,-1
49,29,22.71,512.32,60.63,45.36,0.43,5,-1,-1
49,31,22.23,512.94,61.09,44.65,0.74,4,-1,-1
49,16,1371.34,431.63,91.13,44.64,0.84,5,-1,-1
49,33,1371.19,431.59,90.50,44.40,0.89,5,-1,-1
50,2,744.96,559.87,66.62,38.66,0.95,4,-1,-1
50,3,2038.15,466.50,187.31,83.85,0.99,6,-1,-1
50,4,1910.19,449.08,60.33,57.67,0.95,5,-1,-1
50,10,2258.21,1105.95,215.00,104.74,0.99,4,-1,-1
50,13,322.50,444.14,107.81,70.84,0.99,6,-1,-1
50,1,1620.01,525.41,123.09,66.55,0.74,7,-1,-1
50,17,311.76,568.71,63.20,38.34,0.99,4,-1,-1
50,19,216.87,563.13,66.33,42.15,0.99,4,-1,-1
50,20,1749.62,896.39,154.40,73.76,0.99,4,-1,-1
50,25,533.50,567.14,64.52,43.47,0.92,4,-1,-1
50,28,78.75,412.83,93.96,54.31,0.27,6,-1,-1
50,29,29.09,514.25,62.15,46.70,0.71,5,-1,-1
50,31,29.07,514.48,61.99,46.46,0.72,4,-1,-1
50,16,1364.69,431.60,94.10,47.39,0.88,6,-1,-1
51,2,744.29,559.71,67.13,38.46,0.97,4,-1,-1
51,3,2043.38,466.30,187.26,82.93,0.98,6,-1,-1
51,4,1907.99,448.95,61.17,57.51,0.96,5,-1,-1
51,10,2298.39,1115.32,220.65,108.10,0.99,4,-1,-1
51,13,322.05,443.86,107.92,70.80,0.99,6,-1,-1
51,1,1634.65,523.57,121.32,65.30,0.73,7,-1,-1
51,17,321.06,570.82,62.73,38.44,0.99,4,-1,-1
51,19,224.85,565.74,65.81,40.93,0.99,4,-1,-1
51,20,1782.29,902.46,154.88,75.99,1.00,4,-1,-1
51,25,523.01,565.13,63.47,42.92,0.98,4,-1,-1
51,29,34.32,515.63,63.72,47.72,0.54,5,-1,-1
51,31,34.71,516.02,63.77,47.04,0.59,4,-1,-1
51,16,1359.48,431.53,94.09,46.58,0.65,5,-1,-1
51,34,1358.39,430.95,93.92,46.32,0.88,6,-1,-1
52,2,744.12,559.98,67.32,37.82,0.97,4,-1,-1
52,3,2049.62,466.63,187.28,80.34,0.99,6,-1,-1
52,4,1906.10,449.00,61.48,58.00,0.97,5,-1,-1
52,10,2342.59,1125.91,224.92,109.35,0.99,4,-1,-1
52,13,321.12,443.78,108.52,71.36,0.99,6,-1,-1
52,1,1646.91,522.49,120.15,64.28,0.76,7,-1,-1
52,17,330.81,572.97,61.97,39.04,1.00,4,-1,-1
52,19,232.44,568.10,66.15,41.01,0.99,4,-1,-1
52,20,1815.12,910.75,157.18,75.71,1.00,4,-1,-1
52,25,512.54,563.66,62.52,41.56,0.98,4,-1,-1
52,29,40.69,517.84,64.66,48.07,0.13,5,-1,-1
52,31,40.70,517.71,64.21,47.80,0.87,4,-1,-1
52,16,1352.12,431.02,97.44,47.96,0.91,6,-1,-1
53,2,744.04,560.07,66.83,37.59,0.97,4,-1,-1
53,3,2056.23,465.90,187.33,80.56,0.99,6,-1,-1
53,4,1903.19,449.29,63.83,58.17,0.98,5,-1,-1
53,10,2385.07,1136.35,230.88,112.00,0.99,4,-1,-1
53,13,320.89,443.73,108.19,71.58,0.99,6,-1,-1
53,1,1661.70,521.29,118.07,63.93,0.69,7,-1,-1
53,17,338.93,575.65,63.66,38.70,0.98,4,-1,-1
53,19,240.06,570.31,66.83,41.59,0.98,4,-1,-1
53,20,1847.91,918.17,162.42,76.68,0.99,4,-1,-1
53,25,499.65,561.17,63.36,42.23,0.96,4,-1,-1
53,29,47.56,519.74,64.43,48.15,0.28,5,-1,-1
53,31,47.17,519.99,63.96,47.46,0.94,4,-1,-1
53,16,1346.69,430.81,97.58,47.91,0.85,6,-1,-1
53,35,1345.58,430.74,97.33,48.67,0.63,5,-1,-1
54,2,743.73,560.10,66.65,37.51,0.98,4,-1,-1
54,3,2060.71,464.52,187.38,81.24,0.99,6,-1,-1
54,4,1901.02,449.14,64.70,59.34,0.99,5,-1,-1
54,10,2431.22,1147.29,235.28,115.19,1.00,4,-1,-1
54,13,320.09,443.40,108.62,71.66,0.99,6,-1,-1
54,1,1675.72,520.36,115.07,62.68,0.80,7,-1,-1
54,17,346.87,577.70,65.40,39.13,0.99,4,-1,-1
54,19,249.10,572.17,65.96,42.37,0.99,4,-1,-1
54,20,1882.85,924.69,164.37,79.26,1.00,4,-1,-1
54,25,487.62,559.19,63.11,41.91,0.99,4,-1,-1
54,29,54.03,521.80,64.58,48.15,0.23,5,-1,-1
54,31,53.87,521.91,64.74,47.88,0.84,4,-1,-1
54,16,1343.69,430.46,93.14,47.33,0.79,6,-1,-1
54,35,1344.87,430.22,93.24,46.79,0.82,6,-1,-1
55,2,743.59,559.82,66.02,38.06,0.97,4,-1,-1
55,3,2064.37,464.04,189.70,81.52,0.99,6,-1,-1
55,4,1898.00,449.66,65.02,59.77,0.99,5,-1,-1
55,10,2478.77,1160.63,232.46,115.28,0.98,4,-1,-1
55,13,320.32,444.11,107.66,70.57,1.00,6,-1,-1
55,1,1689.43,518.96,114.04,61.67,0.76,7,-1,-1
55,17,356.93,580.07,64.11,38.72,0.99,4,-1,-1
55,19,256.83,574.20,66.46,42.11,0.99,4,-1,-1
55,20,1917.55,933.64,167.23,79.13,1.00,4,-1,-1
55,25,475.88,557.39,63.04,40.08,0.98,4,-1,-1
55,29,60.45,523.36,65.59,48.69,0.78,5,-1,-1
55,31,60.43,522.84,64.73,49.73,0.59,4,-1,-1
55,16,1339.92,429.63,92.53,47.81,0.77,6,-1,-1
55,35,1340.70,430.13,93.77,47.75,0.34,5,-1,-1
56,2,743.30,560.29,66.35,38.27,0.96,4,-1,-1
56,3,2070.04,463.91,190.59,83.35,0.99,6,-1,-1
56,4,1896.91,449.89,65.12,59.37,0.98,5,-1,-1
56,10,2525.86,1171.61,202.17,117.47,0.95,4,-1,-1
56,13,320.04,443.52,107.86,71.30,0.99,6,-1,-1
56,1,1701.36,516.82,114.30,61.32,0.74,7,-1,-1
56,17,364.70,582.58,66.12,38.56,0.97,4,-1,-1
56,19,264.15,575.17,66.91,43.12,0.98,4,-1,-1
56,20,1953.23,941.89,170.46,80.15,1.00,4,-1,-1
56,25,464.90,555.97,62.45,38.82,0.98,4,-1,-1
56,29,67.22,525.30,66.50,48.88,0.62,5,-1,-1
56,31,67.33,525.10,65.19,49.28,0.55,4,-1,-1
57,2,742.80,560.23,67.05,38.35,0.96,4,-1,-1
57,3,2077.55,464.45,188.70,82.93,0.98,6,-1,-1
57,4,1894.28,450.55,67.38,59.76,0.96,5,-1,-1
57,10,2574.26,1183.86,156.87,112.74,0.79,4,-1,-1
57,13,319.66,443.62,107.10,71.01,0.99,6,-1,-1
57,1,1713.73,515.54,115.04,60.65,0.81,7,-1,-1
57,17,373.64,584.90,66.04,39.63,1.00,4,-1,-1
57,19,271.41,577.20,67.64,43.50,0.99,4,-1,-1
57,20,1990.34,950.42,171.63,81.63,1.00,4,-1,-1
57,25,453.47,554.13,61.68,38.39,0.98,4,-1,-1
57,29,74.26,528.00,66.05,48.92,0.75,5,-1,-1
57,31,74.36,527.94,65.77,49.07,0.77,4,-1,-1
57,16,1328.92,429.98,94.95,46.68,0.94,6,-1,-1
58,2,741.76,560.23,67.31,39.51,0.96,4,-1,-1
58,3,2085.67,464.45,185.71,82.21,0.96,6,-1,-1
58,4,1891.00,451.14,68.22,59.89,0.97,5,-1,-1
58,10,2624.34,1194.37,104.99,106.26,0.25,4,-1,-1
58,13,319.40,443.96,106.52,70.90,0.99,6,-1,-1
58,1,1727.93,514.61,110.80,59.28,0.81,7,-1,-1
58,17,384.02,586.56,65.14,41.14,0.99,4,-1,-1
58,19,278.80,579.88,67.91,42.51,0.97,4,-1,-1
58,20,2026.80,959.03,174.18,83.27,1.00,4,-1,-1
58,25,441.42,552.11,61.97,38.83,0.98,4,-1,-1
58,29,80.18,529.82,66.90,50.04,0.64,5,-1,-1
58,31,80.27,530.08,66.10,49.53,0.72,4,-1,-1
58,16,1324.63,429.41,93.20,47.41,0.84,6,-1,-1
59,2,740.96,560.48,67.41,39.94,0.96,4,-1,-1
59,3,2091.97,465.78,184.61,81.94,0.91,6,-1,-1
59,4,1886.59,451.27,70.73,59.92,0.98,5,-1,-1
59,13,318.18,444.08,108.29,71.41,0.99,6,-1,-1
59,1,1741.88,513.11,106.96,59.37,0.87,7,-1,-1
59,17,393.98,588.50,65.91,42.25,0.99,4,-1,-1
59,19,285.55,581.94,68.55,44.38,0.99,4,-1,-1
59,20,2065.44,966.97,177.29,84.97,1.00,4,-1,-1
59,25,430.99,550.00,62.10,40.14,0.96,4,-1,-1
59,29,87.35,531.85,66.92,49.89,0.55,5,-1,-1
59,31,87.52,531.96,65.92,49.68,0.74,5,-1,-1
59,16,1323.34,429.16,91.42,47.66,0.80,6,-1,-1
60,2,739.98,560.48,68.00,39.55,0.96,4,-1,-1
60,3,2096.21,465.42,184.22,81.29,0.94,6,-1,-1
60,4,1883.71,451.84,71.68,59.92,0.95,5,-1,-1
60,13,318.74,444.02,106.99,71.61,0.99,6,-1,-1
60,1,1753.18,512.29,107.95,58.29,0.66,7,-1,-1
60,17,403.33,589.90,67.16,44.89,0.99,4,-1,-1
60,19,293.31,583.38,68.79,44.51,0.99,4,-1,-1
60,20,2102.37,975.30,182.83,86.71,0.99,4,-1,-1
60,25,419.77,548.34,62.15,40.08,0.97,4,-1,-1
60,29,94.43,533.57,66.34,50.37,0.82,5,-1,-1
60,31,94.52,533.62,66.21,50.29,0.53,4,-1,-1
60,16,1321.21,429.15,89.62,47.33,0.90,6,-1,-1
61,2,740.00,560.51,67.11,39.39,0.96,4,-1,-1
61,3,2103.35,465.01,181.84,81.06,0.94,6,-1,-1
61,4,1881.69,452.34,72.01,59.91,0.80,5,-1,-1
61,13,317.92,444.01,107.63,71.69,0.99,6,-1,-1
61,1,1764.96,511.49,106.07,56.76,0.91,7,-1,-1
61,17,415.03,593.40,66.52,47.53,0.98,4,-1,-1
61,19,301.81,585.28,68.02,45.10,0.99,4,-1,-1
61,20,2141.10,984.36,184.89,88.45,1.00,4,-1,-1
61,25,410.00,546.40,60.63,39.49,0.95,4,-1,-1
61,29,100.75,535.58,67.79,51.10,0.45,5,-1,-1
61,31,100.92,535.89,67.19,50.50,0.90,5,-1,-1
61,16,1318.99,429.17,88.95,47.21,0.78,6,-1,-1
61,36,1319.11,429.67,90.50,47.60,0.67,5,-1,-1
62,2,739.75,559.62,66.75,39.33,0.98,4,-1,-1
62,3,2110.12,464.62,180.95,79.85,0.94,6,-1,-1
62,4,1877.49,451.14,74.32,60.45,0.60,9,-1,-1
62,13,316.71,443.11,108.41,71.71,0.98,6,-1,-1
62,1,1776.62,509.56,105.42,57.38,0.44,7,-1,-1
62,17,422.71,595.98,67.22,51.25,0.98,4,-1,-1
62,19,309.87,586.14,67.71,46.43,0.97,4,-1,-1
62,20,2181.32,992.26,189.97,89.08,1.00,4,-1,-1
62,25,399.04,543.43,60.48,38.14,0.98,4,-1,-1
62,29,107.68,536.49,67.99,51.35,0.40,5,-1,-1
62,31,107.42,536.61,68.93,51.12,0.64,5,-1,-1
62,16,1313.70,428.19,90.98,47.59,0.86,6,-1,-1
62,36,1314.91,429.17,90.49,46.91,0.52,5,-1,-1
62,37,1876.64,451.66,75.13,59.77,0.88,5,-1,-1
63,2,739.42,558.15,66.62,39.31,0.97,4,-1,-1
63,3,2117.16,463.09,178.40,79.43,0.94,6,-1,-1
63,4,1873.94,449.85,75.18,60.66,0.79,5,-1,-1
63,13,316.52,441.31,107.59,71.73,0.99,6,-1,-1
63,1,1787.43,506.37,105.25,58.77,0.63,7,-1,-1
63,17,432.98,595.79,67.06,49.50,0.94,4,-1,-1
63,19,317.38,586.35,68.72,46.94,0.97,4,-1,-1
63,20,2223.55,999.84,191.87,90.41,0.99,4,-1,-1
63,25,388.14,539.82,60.59,38.22,0.96,4,-1,-1
63,29,115.04,537.00,67.95,50.88,0.39,5,-1,-1
63,31,115.13,536.77,67.49,51.35,0.77,5,-1,-1
63,37,1872.49,449.96,77.86,60.45,0.71,9,-1,-1
64,2,738.65,556.80,66.03,39.31,0.97,4,-1,-1
64,3,2123.11,460.48,179.81,79.85,0.96,6,-1,-1
64,4,1870.55,448.18,77.71,60.74,0.97,5,-1,-1
64,13,314.73,438.71,109.29,72.88,0.99,6,-1,-1
64,1,1800.15,502.37,102.98,59.88,0.65,7,-1,-1
64,17,442.71,595.42,64.06,47.59,0.83,4,-1,-1
64,19,325.66,586.73,69.10,47.12,0.97,4,-1,-1
64,20,2266.65,1006.97,194.75,93.11,0.99,4,-1,-1
64,25,377.94,535.78,60.80,38.84,0.97,4,-1,-1
64,29,122.29,537.22,67.79,51.25,0.23,5,-1,-1
64,31,122.25,536.86,66.92,51.99,0.90,5,-1,-1
64,16,1305.51,423.30,90.59,49.10,0.65,6,-1,-1
65,2,737.35,555.96,66.95,40.45,0.94,4,-1,-1
65,3,2128.54,459.68,180.37,80.07,0.95,6,-1,-1
65,4,1867.13,447.96,78.66,60.78,0.96,5,-1,-1
65,13,313.98,437.32,109.36,73.33,0.98,6,-1,-1
65,1,1808.88,499.91,104.49,61.46,0.50,7,-1,-1
65,17,452.02,597.37,62.89,45.16,0.72,4,-1,-1
65,19,332.49,588.39,69.53,48.31,0.99,4,-1,-1
65,20,2310.88,1016.95,197.99,94.16,0.99,4,-1,-1
65,25,366.25,533.94,60.33,38.52,0.86,4,-1,-1
65,29,128.61,538.78,68.41,51.95,0.32,5,-1,-1
65,31,128.31,538.64,67.96,52.24,0.92,5,-1,-1
65,16,1305.84,425.47,78.97,44.91,0.78,6,-1,-1
65,38,1304.60,424.76,78.55,45.25,0.72,6,-1,-1
66,2,736.47,555.98,67.30,39.75,0.95,4,-1,-1
66,3,2133.77,459.50,180.65,79.58,0.94,6,-1,-1
66,4,1862.58,448.02,81.22,61.34,0.95,5,-1,-1
66,13,313.11,437.47,109.41,72.93,0.98,6,-1,-1
66,1,1821.93,498.09,100.56,62.62,0.34,7,-1,-1
66,17,460.40,601.53,64.19,50.48,0.75,4,-1,-1
66,19,340.81,590.48,69.41,49.30,0.99,4,-1,-1
66,20,2357.93,1029.59,199.18,93.39,0.99,4,-1,-1
66,25,356.04,531.74,59.60,38.41,0.95,4,-1,-1
66,29,134.57,540.87,68.37,51.65,0.42,5,-1,-1
66,31,134.38,541.10,68.91,51.75,0.81,5,-1,-1
66,16,1301.40,426.52,75.92,42.73,0.63,6,-1,-1
66,38,1299.71,424.97,78.57,44.07,0.64,6,-1,-1
67,2,735.89,556.73,66.88,38.92,0.97,4,-1,-1
67,3,2141.33,459.71,178.53,81.13,0.93,6,-1,-1
67,4,1858.85,448.85,84.38,62.69,0.89,5,-1,-1
67,13,311.37,437.38,111.12,73.92,0.98,6,-1,-1
67,17,470.51,605.66,66.37,56.16,0.32,4,-1,-1
67,19,348.42,593.32,70.49,53.00,0.96,4,-1,-1
67,20,2404.99,1041.22,203.99,96.42,1.00,4,-1,-1
67,25,344.96,530.27,60.49,38.38,0.94,4,-1,-1
67,29,140.40,542.84,69.19,52.08,0.53,5,-1,-1
67,31,140.73,542.93,69.41,52.68,0.69,5,-1,-1
68,2,734.62,557.03,66.73,38.03,0.96,4,-1,-1
68,3,2146.04,460.23,180.05,81.14,0.95,6,-1,-1
68,4,1855.13,449.62,85.59,63.74,0.98,5,-1,-1
68,13,309.61,437.70,111.77,74.28,0.98,6,-1,-1
68,19,351.77,595.01,74.53,56.02,0.85,4,-1,-1
68,20,2455.04,1054.16,205.78,97.53,0.99,4,-1,-1
68,25,334.43,529.58,59.42,38.37,0.91,4,-1,-1
68,29,145.33,545.02,70.20,53.92,0.35,5,-1,-1
68,31,145.88,545.06,69.31,53.58,0.72,5,-1,-1
68,39,67.29,405.98,94.72,56.35,0.61,6,-1,-1
68,1,1840.88,496.27,101.84,62.48,0.73,7,-1,-1
69,2,733.36,557.28,66.67,38.27,0.96,4,-1,-1
69,3,2152.17,460.02,180.63,81.15,0.92,6,-1,-1
69,4,1850.52,450.05,88.22,64.69,0.97,5,-1,-1
69,13,308.17,437.67,111.73,74.41,0.99,6,-1,-1
69,19,357.69,598.18,75.78,56.12,0.89,4,-1,-1
69,20,2504.22,1065.95,208.59,100.13,0.98,4,-1,-1
69,25,323.88,528.11,59.02,38.95,0.93,4,-1,-1
69,29,151.71,547.60,69.52,54.05,0.85,5,-1,-1
69,31,152.14,547.90,68.97,53.35,0.52,5,-1,-1
69,1,1851.57,496.09,102.42,61.84,0.37,7,-1,-1
70,2,732.30,558.14,67.22,38.36,0.97,4,-1,-1
70,3,2158.78,461.51,180.88,80.02,0.94,6,-1,-1
70,4,1846.62,449.82,89.20,67.27,0.96,5,-1,-1
70,13,306.32,438.73,111.99,73.88,0.99,6,-1,-1
70,19,367.15,601.80,70.98,53.90,0.97,4,-1,-1
70,20,2555.20,1079.79,178.50,97.78,0.92,4,-1,-1
70,25,312.76,527.56,58.03,37.47,0.97,4,-1,-1
70,29,157.43,550.71,69.17,53.52,0.89,5,-1,-1
70,31,157.37,551.10,69.89,52.68,0.58,5,-1,-1
70,1,1863.11,497.36,100.37,59.91,0.26,7,-1,-1
71,2,732.01,558.74,66.31,38.42,0.98,4,-1,-1
71,3,2165.93,461.92,181.01,79.63,0.87,6,-1,-1
71,4,1844.43,451.22,89.54,66.06,0.95,5,-1,-1
71,13,305.12,439.34,111.24,73.70,0.99,6,-1,-1
71,19,374.25,604.47,65.30,54.68,0.42,4,-1,-1
71,20,2608.87,1094.58,127.94,91.18,0.62,4,-1,-1
71,25,302.09,526.51,57.40,36.92,0.88,4,-1,-1
71,29,162.46,553.44,70.30,53.87,0.62,5,-1,-1
71,31,163.26,553.87,68.48,52.99,0.58,5,-1,-1
71,1,1874.13,498.00,97.31,58.64,0.86,7,-1,-1
72,2,730.64,559.66,65.96,38.43,0.98,4,-1,-1
72,3,2172.67,462.69,181.07,78.34,0.99,6,-1,-1
72,4,1839.01,451.25,91.84,67.21,0.93,5,-1,-1
72,13,304.26,440.31,110.95,73.62,0.99,6,-1,-1
72,25,290.41,525.49,57.18,36.72,0.96,4,-1,-1
72,29,168.05,556.83,69.88,53.99,0.22,5,-1,-1
72,31,167.81,556.42,69.90,54.22,0.92,5,-1,-1
72,1,1884.40,496.61,96.15,60.46,0.85,7,-1,-1
73,2,729.64,560.63,65.27,37.32,0.97,4,-1,-1
73,3,2178.58,462.89,181.11,78.46,0.94,6,-1,-1
73,4,1835.01,452.54,94.89,66.54,0.68,5,-1,-1
73,13,303.58,440.68,110.55,73.04,0.99,6,-1,-1
73,25,279.50,524.34,56.54,36.10,0.97,4,-1,-1
73,1,1894.82,497.16,95.74,58.90,0.78,7,-1,-1
74,2,728.73,560.83,64.99,36.88,0.97,4,-1,-1
74,3,2183.78,462.85,183.34,79.06,0.94,6,-1,-1
74,4,1831.29,452.90,96.01,65.67,0.87,5,-1,-1
74,13,301.94,440.70,110.36,72.79,0.99,6,-1,-1
74,25,268.45,522.11,56.59,36.44,0.87,4,-1,-1
74,1,1905.03,497.86,95.58,58.28,0.72,7,-1,-1
74,29,177.65,561.33,71.63,55.99,0.98,5,-1,-1
75,2,726.84,561.55,65.48,37.31,0.97,4,-1,-1
75,3,2191.38,464.91,181.97,78.19,0.89,6,-1,-1
75,4,1826.76,453.67,98.62,66.47,0.65,5,-1,-1
75,13,300.83,440.75,108.90,72.71,0.99,6,-1,-1
75,25,257.08,521.12,55.78,36.01,0.96,4,-1,-1
75,1,1916.53,498.81,93.27,57.51,0.60,7,-1,-1
75,29,182.47,564.05,71.75,56.95,0.96,5,-1,-1
76,2,724.42,561.75,66.24,38.04,0.96,4,-1,-1
76,3,2198.26,464.57,183.73,78.98,0.94,6,-1,-1
76,4,1823.72,454.58,99.60,65.62,0.82,5,-1,-1
76,13,300.54,441.03,106.36,72.11,0.99,6,-1,-1
76,25,245.81,519.67,55.49,35.86,0.94,4,-1,-1
76,1,1925.80,498.69,92.43,57.23,0.62,7,-1,-1
76,29,186.52,566.42,73.50,57.29,0.90,5,-1,-1
76,40,1437.79,448.67,56.35,30.74,0.85,4,-1,-1
77,2,723.69,561.85,64.84,38.32,0.97,4,-1,-1
77,3,2205.45,466.45,184.41,77.59,0.91,6,-1,-1
77,4,1821.83,456.35,99.92,64.72,0.82,5,-1,-1
77,13,297.45,441.45,108.00,72.46,0.99,6,-1,-1
77,25,234.72,518.37,55.13,35.81,0.98,4,-1,-1
77,1,1935.95,498.70,101.34,57.14,0.55,7,-1,-1
77,29,191.09,569.25,73.95,57.97,0.98,5,-1,-1
77,40,1432.98,450.62,59.14,30.09,0.89,4,-1,-1
78,2,722.30,560.95,64.87,40.68,0.94,4,-1,-1
78,3,2212.14,466.12,184.64,77.62,0.95,6,-1,-1
78,4,1818.74,456.58,99.98,64.92,0.96,5,-1,-1
78,13,296.62,441.57,107.19,72.00,0.98,6,-1,-1
78,25,224.07,516.19,54.71,36.36,0.99,4,-1,-1
78,1,1944.88,497.99,95.73,55.96,0.87,7,-1,-1
78,29,195.91,571.88,74.94,59.33,0.82,5,-1,-1
78,40,1429.98,450.64,57.10,29.30,0.73,4,-1,-1
79,2,719.80,561.74,66.57,41.06,0.97,4,-1,-1
79,3,2219.71,466.53,184.69,79.48,0.95,6,-1,-1
79,4,1816.19,458.31,99.90,65.07,0.96,5,-1,-1
79,13,296.68,441.87,105.42,71.35,0.99,6,-1,-1
79,25,213.35,515.08,54.55,35.49,0.96,4,-1,-1
79,1,1955.23,499.79,93.35,54.46,0.63,7,-1,-1
79,29,201.48,573.84,75.33,61.01,0.65,5,-1,-1
79,40,1427.45,452.22,56.34,29.73,0.67,4,-1,-1
80,2,715.98,562.58,66.65,40.58,0.92,4,-1,-1
80,3,2225.33,468.24,184.67,77.22,0.92,6,-1,-1
80,4,1809.44,459.35,102.07,63.90,0.71,5,-1,-1
80,13,291.76,442.85,106.21,71.01,0.99,6,-1,-1
80,25,201.30,513.62,53.08,35.68,0.96,4,-1,-1
80,1,1965.31,499.67,87.89,52.68,0.70,7,-1,-1
80,29,204.96,577.06,76.53,61.01,0.90,5,-1,-1
80,40,1421.93,451.65,52.27,29.84,0.53,4,-1,-1
81,2,710.09,564.07,65.58,39.26,0.95,4,-1,-1
81,3,2226.87,468.68,187.04,76.94,0.98,6,-1,-1
81,4,1800.82,460.42,102.93,63.47,0.77,5,-1,-1
81,13,281.96,442.97,108.00,72.06,0.99,6,-1,-1
81,25,183.43,513.24,54.39,35.20,0.96,4,-1,-1
81,1,1971.58,499.49,88.28,52.07,0.71,7,-1,-1
81,29,204.98,580.86,77.02,61.57,0.94,5,-1,-1
82,2,701.75,564.79,66.32,39.93,0.93,4,-1,-1
82,3,2228.63,468.85,183.43,76.95,0.83,6,-1,-1
82,4,1791.07,461.17,103.21,64.52,0.58,5,-1,-1
82,13,272.61,442.36,108.96,73.09,0.98,6,-1,-1
82,25,163.59,511.62,55.80,35.64,0.97,4,-1,-1
82,1,1976.01,499.89,88.44,51.94,0.73,7,-1,-1
82,29,201.99,583.55,78.31,63.51,0.62,5,-1,-1
83,2,684.64,566.55,66.60,39.56,0.97,4,-1,-1
83,3,2218.81,466.77,184.31,76.82,0.81,6,-1,-1
83,4,1772.87,461.62,103.28,65.96,0.97,5,-1,-1
83,13,253.47,444.52,109.64,71.69,1.00,6,-1,-1
83,25,135.86,511.82,54.80,35.19,0.98,4,-1,-1
83,1,1971.72,499.83,86.25,50.69,0.84,7,-1,-1
83,29,190.81,588.86,77.34,62.49,0.85,5,-1,-1
84,2,662.40,568.46,67.90,41.78,0.92,4,-1,-1
84,3,2205.91,466.98,187.07,76.42,0.24,6,-1,-1
84,4,1749.90,462.76,105.60,67.77,0.93,5,-1,-1
84,13,228.93,445.04,110.25,73.59,1.00,6,-1,-1
84,25,99.81,511.96,55.78,36.25,0.97,4,-1,-1
84,1,1963.73,501.82,83.20,49.78,0.70,7,-1,-1
84,29,170.87,593.73,81.08,64.43,0.83,5,-1,-1
85,2,637.58,573.16,70.64,43.10,0.95,4,-1,-1
85,3,2189.01,468.26,206.21,79.55,0.16,6,-1,-1
85,4,1723.53,466.69,109.25,68.36,0.72,5,-1,-1
85,13,201.67,449.86,110.77,74.76,0.99,6,-1,-1
85,25,62.22,516.45,55.69,36.02,0.97,4,-1,-1
85,1,1948.41,502.46,86.80,52.31,0.47,7,-1,-1
85,29,150.81,603.46,81.87,65.07,0.96,5,-1,-1
85,41,1721.25,466.60,109.29,68.30,0.75,9,-1,-1
85,40,1328.36,457.66,52.92,30.76,0.93,4,-1,-1
86,2,613.72,579.00,70.99,44.09,0.96,4,-1,-1
86,3,2171.03,470.34,208.60,81.15,0.63,6,-1,-1
86,4,1696.18,471.40,110.43,67.89,0.93,5,-1,-1
86,13,173.67,456.52,111.61,72.82,0.99,6,-1,-1
86,25,25.66,520.96,55.65,36.46,0.96,4,-1,-1
86,1,1933.67,505.12,85.68,52.02,0.40,7,-1,-1
86,29,131.77,613.31,82.55,64.63,0.66,5,-1,-1
86,40,1300.10,461.79,59.09,32.00,0.94,4,-1,-1
87,2,591.98,581.82,69.47,43.89,0.97,4,-1,-1
87,3,2155.54,470.08,207.34,78.90,0.62,6,-1,-1
87,4,1669.46,471.70,115.38,68.26,0.77,5,-1,-1
87,13,146.50,458.32,112.42,73.21,0.99,6,-1,-1
87,25,-2.68,521.80,47.44,36.05,0.47,4,-1,-1
87,1,1921.44,503.20,85.34,52.49,0.31,7,-1,-1
87,29,113.39,619.12,83.40,66.13,0.89,5,-1,-1
87,40,1279.09,461.72,60.03,31.82,0.92,4,-1,-1
88,2,572.43,583.86,69.91,44.88,0.90,4,-1,-1
88,3,2140.76,469.64,208.71,80.83,0.13,6,-1,-1
88,4,1647.39,472.49,114.32,68.32,0.74,5,-1,-1
88,13,122.64,459.49,114.98,76.13,0.99,6,-1,-1
88,29,97.65,623.50,86.68,70.53,0.77,5,-1,-1
88,40,1260.39,462.35,61.38,32.85,0.94,4,-1,-1
89,2,560.93,584.14,71.15,46.33,0.93,4,-1,-1
89,3,2136.64,468.59,213.49,80.91,0.13,6,-1,-1
89,4,1633.40,473.00,113.72,68.28,0.60,6,-1,-1
89,13,107.33,459.55,118.73,77.15,0.99,6,-1,-1
89,29,92.43,627.88,90.19,71.02,0.81,5,-1,-1
89,40,1250.80,461.40,56.23,31.51,0.74,4,-1,-1
89,42,1633.31,473.00,112.70,69.16,0.86,9,-1,-1
90,2,559.78,584.87,70.45,47.46,0.93,4,-1,-1
90,3,2142.40,469.86,201.79,79.35,0.23,6,-1,-1
90,4,1628.56,473.67,113.38,68.89,0.89,5,-1,-1
90,13,104.49,459.38,118.54,77.59,0.99,6,-1,-1
90,29,98.27,631.16,91.05,69.55,0.91,5,-1,-1
91,2,557.57,585.33,69.59,47.87,0.92,4,-1,-1
91,3,2149.10,469.97,194.76,78.75,0.90,6,-1,-1
91,4,1622.50,474.36,114.33,68.53,0.96,5,-1,-1
91,13,102.52,458.98,118.77,78.30,0.99,6,-1,-1
91,29,106.38,634.18,91.05,71.18,0.90,5,-1,-1
92,2,557.39,584.19,68.70,48.03,0.92,4,-1,-1
92,3,2154.11,470.23,187.59,78.59,0.53,6,-1,-1
92,4,1617.34,474.68,114.66,69.00,0.95,5,-1,-1
92,13,100.81,458.77,118.03,78.04,0.98,6,-1,-1
92,29,114.29,636.60,92.26,74.59,0.94,5,-1,-1
92,1,1932.54,503.73,82.27,49.00,0.63,5,-1,-1
93,2,557.54,585.16,66.10,47.49,0.89,4,-1,-1
93,3,2159.02,469.64,184.99,79.62,0.76,6,-1,-1
93,4,1610.89,475.08,117.01,69.70,0.96,5,-1,-1
93,13,98.75,459.12,118.42,78.45,0.99,6,-1,-1
93,29,121.98,640.33,91.45,70.89,0.85,5,-1,-1
93,1,1937.05,504.69,84.42,48.10,0.60,7,-1,-1
93,43,1936.41,505.87,85.38,46.96,0.64,7,-1,-1
93,44,2274.51,487.52,71.72,52.08,0.61,5,-1,-1
93,40,1222.54,463.46,53.36,30.86,0.90,4,-1,-1
94,2,555.34,585.28,67.43,48.39,0.97,4,-1,-1
94,3,2165.17,469.88,188.68,83.96,0.65,6,-1,-1
94,4,1604.11,475.33,118.97,69.96,0.94,5,-1,-1
94,13,96.28,458.69,119.80,79.16,0.98,6,-1,-1
94,29,130.81,643.91,90.59,71.61,0.90,5,-1,-1
94,1,1950.94,504.84,76.03,47.23,0.58,7,-1,-1
94,43,1951.57,505.29,74.49,46.99,0.54,4,-1,-1
94,40,1217.73,462.46,54.20,32.56,0.97,4,-1,-1
95,2,552.95,585.90,69.62,47.60,0.97,4,-1,-1
95,3,2170.71,470.73,187.79,83.35,0.91,6,-1,-1
95,4,1597.85,475.93,119.69,70.04,0.95,5,-1,-1
95,13,94.80,458.59,120.73,79.97,0.99,6,-1,-1
95,29,135.61,647.43,94.67,72.98,0.55,5,-1,-1
95,1,1960.60,505.41,72.77,46.92,0.30,4,-1,-1
95,43,1957.36,506.31,75.04,46.33,0.38,6,-1,-1
95,40,1213.84,462.93,53.31,32.54,0.97,4,-1,-1
96,2,552.21,585.00,70.43,48.40,0.94,4,-1,-1
96,3,2176.05,469.77,187.47,83.66,0.87,6,-1,-1
96,4,1591.83,476.49,121.02,69.50,0.94,5,-1,-1
96,13,93.35,457.98,121.19,80.83,0.99,6,-1,-1
96,29,141.72,650.59,97.13,72.36,0.57,5,-1,-1
96,1,1968.41,504.59,71.66,46.82,0.62,7,-1,-1
96,43,1965.77,505.40,75.18,46.10,0.65,6,-1,-1
96,40,1206.99,463.16,55.27,31.96,0.97,4,-1,-1
96,45,34.10,642.05,204.96,92.21,0.72,6,-1,-1
96,46,989.55,445.68,49.52,35.01,0.73,5,-1,-1
97,2,551.08,585.14,70.75,48.13,0.95,4,-1,-1
97,3,2182.54,470.09,187.40,83.20,0.98,6,-1,-1
97,4,1584.78,477.11,122.63,69.86,0.93,5,-1,-1
97,13,92.91,457.96,121.22,80.58,0.99,6,-1,-1
97,29,152.68,654.15,95.64,75.48,0.55,5,-1,-1
97,1,1975.65,504.71,71.31,46.80,0.65,7,-1,-1
97,43,1974.64,505.50,72.61,46.04,0.53,6,-1,-1
97,40,1202.38,463.13,54.87,32.30,0.98,4,-1,-1
97,46,986.61,446.12,52.27,37.07,0.76,5,-1,-1
98,2,550.84,585.30,70.29,47.44,0.98,4,-1,-1
98,3,2188.07,469.50,187.37,82.99,0.99,6,-1,-1
98,4,1578.37,476.61,125.41,71.67,0.94,5,-1,-1
98,13,91.46,458.09,121.93,79.89,0.99,6,-1,-1
98,29,165.48,657.71,92.80,69.96,0.59,5,-1,-1
98,1,1984.81,504.32,68.91,45.65,0.57,7,-1,-1
98,43,1984.66,505.07,69.22,44.79,0.60,6,-1,-1
98,40,1196.95,463.53,55.84,31.86,0.98,4,-1,-1
98,46,984.11,446.13,54.08,36.81,0.85,5,-1,-1
99,2,549.62,585.74,70.68,47.17,0.93,4,-1,-1
99,3,2194.62,470.86,185.13,81.23,0.98,6,-1,-1
99,4,1571.75,477.94,127.56,71.24,0.95,5,-1,-1
99,13,90.23,458.49,122.72,79.63,0.99,6,-1,-1
99,29,176.66,661.59,85.51,61.94,0.72,5,-1,-1
99,1,1992.57,502.92,68.08,46.39,0.54,7,-1,-1
99,43,1991.35,503.21,70.67,46.21,0.59,7,-1,-1
99,40,1192.32,463.51,53.95,30.55,0.97,4,-1,-1
99,46,979.45,446.84,58.60,38.04,0.92,5,-1,-1
100,2,550.82,585.48,68.57,46.49,0.77,4,-1,-1
100,3,2199.08,470.05,186.60,82.25,0.98,6,-1,-1
100,4,1566.02,479.10,126.11,69.92,0.97,5,-1,-1
100,13,89.80,458.53,122.40,78.95,0.98,6,-1,-1
100,40,1188.48,463.36,53.22,30.06,0.83,4,-1,-1
100,46,974.28,446.61,63.71,40.94,0.91,5,-1,-1
101,2,550.67,585.83,66.62,45.11,0.94,4,-1,-1
101,3,2204.11,469.66,187.19,83.21,0.99,6,-1,-1
101,4,1559.10,479.70,126.63,71.13,0.94,5,-1,-1
101,13,88.04,458.96,122.88,78.70,0.98,6,-1,-1
101,40,1184.99,463.46,50.67,29.31,0.67,4,-1,-1
101,46,969.60,446.65,67.80,41.33,0.78,5,-1,-1
102,2,547.75,586.22,68.20,45.73,0.85,4,-1,-1
102,3,2209.18,469.46,189.70,85.25,0.98,6,-1,-1
102,4,1552.19,479.58,126.79,72.13,0.98,5,-1,-1
102,13,87.82,458.82,121.35,78.04,0.99,6,-1,-1
102,40,1175.25,462.02,54.37,30.77,0.97,4,-1,-1
102,46,963.99,446.61,74.89,43.16,0.83,5,-1,-1
103,2,546.87,587.01,68.22,44.82,0.90,4,-1,-1
103,3,2214.30,471.09,190.64,84.88,0.98,6,-1,-1
103,4,1545.38,480.41,127.93,71.93,0.98,5,-1,-1
103,13,87.17,458.62,121.92,78.91,0.99,6,-1,-1
103,40,1170.27,462.41,53.44,30.73,0.97,4,-1,-1
103,46,958.22,446.38,81.91,44.93,0.77,5,-1,-1
104,2,546.20,587.87,68.23,43.91,0.92,4,-1,-1
104,3,2220.65,471.49,188.76,84.74,0.98,6,-1,-1
104,4,1537.45,481.01,130.57,72.42,0.98,5,-1,-1
104,13,87.02,459.05,121.25,78.68,0.99,6,-1,-1
104,40,1168.62,463.14,51.94,29.59,0.17,4,-1,-1
104,46,952.23,446.26,90.00,48.38,0.50,5,-1,-1
105,2,544.57,588.12,68.80,44.15,0.98,4,-1,-1
105,3,2225.03,471.32,190.30,85.23,0.94,6,-1,-1
105,4,1531.26,481.74,130.42,72.59,0.97,5,-1,-1
105,13,85.91,459.16,120.84,78.59,0.99,6,-1,-1
105,40,1169.38,463.95,46.79,28.01,0.46,4,-1,-1
105,46,942.47,444.51,103.78,51.86,0.55,6,-1,-1
106,2,542.57,588.27,70.71,44.24,0.96,4,-1,-1
106,3,2229.85,469.82,193.14,89.34,0.94,6,-1,-1
106,4,1525.21,482.29,129.20,73.21,0.97,5,-1,-1
106,13,85.55,458.74,120.36,79.11,0.99,6,-1,-1
106,40,1163.49,463.70,47.25,28.59,0.86,4,-1,-1
106,46,939.06,445.22,107.26,53.19,0.53,5,-1,-1
107,2,542.20,588.34,70.31,44.28,0.94,4,-1,-1
107,3,2236.06,470.96,158.28,80.36,0.26,6,-1,-1
107,4,1517.62,482.51,130.95,73.99,0.98,5,-1,-1
107,13,83.82,458.60,121.31,79.87,0.99,6,-1,-1
107,40,1161.04,464.78,45.11,27.67,0.41,4,-1,-1
107,46,933.16,443.89,115.89,54.74,0.51,5,-1,-1
108,2,540.83,588.60,70.72,43.74,0.94,4,-1,-1
108,3,2241.74,471.08,146.63,77.25,0.59,6,-1,-1
108,4,1511.04,482.79,130.47,74.84,0.99,5,-1,-1
108,13,82.27,458.49,122.28,80.16,0.97,6,-1,-1
108,40,1158.58,465.71,43.18,26.75,0.57,4,-1,-1
108,46,930.78,444.12,110.87,53.66,0.66,5,-1,-1
108,47,934.91,446.11,97.33,50.37,0.62,5,-1,-1
109,2,541.17,589.15,70.30,42.97,0.97,4,-1,-1
109,3,2246.90,471.96,133.36,72.70,0.58,6,-1,-1
109,4,1503.07,483.10,131.37,75.16,0.99,5,-1,-1
109,13,81.42,458.90,121.82,79.70,0.99,6,-1,-1
109,46,926.21,445.53,105.03,50.91,0.62,5,-1,-1
109,47,922.43,444.72,105.55,51.07,0.58,6,-1,-1
110,2,540.89,588.79,70.13,42.69,0.94,4,-1,-1
110,3,2252.12,469.92,180.36,82.81,0.95,6,-1,-1
110,4,1495.35,483.75,132.80,75.26,0.98,5,-1,-1
110,13,80.42,459.65,121.78,78.39,1.00,6,-1,-1
110,46,918.05,446.10,105.86,50.33,0.20,5,-1,-1
110,47,918.82,444.44,104.53,49.89,0.75,6,-1,-1
110,1,2066.17,497.59,61.61,42.79,0.61,7,-1,-1
111,2,539.26,588.76,71.20,43.74,0.93,4,-1,-1
111,3,2258.30,469.08,192.16,84.57,0.97,6,-1,-1
111,4,1486.46,484.39,135.57,75.29,0.97,5,-1,-1
111,13,79.37,459.45,122.58,78.47,0.99,6,-1,-1
111,46,915.54,445.00,102.80,49.52,0.59,5,-1,-1
111,47,920.20,445.43,96.24,48.82,0.57,6,-1,-1
111,1,2072.92,498.14,61.41,41.43,0.29,7,-1,-1
112,2,538.22,589.05,71.04,44.14,0.93,4,-1,-1
112,3,2263.99,467.90,199.41,84.71,0.75,6,-1,-1
112,4,1478.94,484.63,136.60,76.41,0.98,5,-1,-1
112,13,78.76,459.71,122.73,78.49,0.99,6,-1,-1
112,47,920.88,445.09,91.03,47.23,0.78,5,-1,-1
112,1,2079.79,496.26,61.34,42.76,0.61,7,-1,-1
113,2,537.27,589.36,70.40,43.16,0.95,4,-1,-1
113,3,2267.12,469.66,156.37,78.58,0.74,6,-1,-1
113,4,1470.71,484.36,138.06,77.94,0.98,5,-1,-1
113,13,78.76,459.43,121.66,77.94,1.00,6,-1,-1
113,47,914.65,443.64,90.95,48.04,0.61,5,-1,-1
113,1,2085.46,495.84,61.32,42.67,0.54,7,-1,-1
114,2,536.09,589.52,71.29,43.37,0.97,4,-1,-1
114,3,2273.89,471.28,137.34,72.69,0.62,6,-1,-1
114,4,1463.97,485.40,138.60,77.96,0.96,5,-1,-1
114,13,78.34,459.93,121.11,77.17,0.99,6,-1,-1
114,47,908.45,442.59,92.28,49.54,0.54,5,-1,-1
114,1,2090.81,496.61,61.33,41.50,0.54,7,-1,-1
114,46,909.28,443.45,92.98,48.92,0.66,5,-1,-1
115,2,535.81,589.40,71.62,43.45,0.97,4,-1,-1
115,3,2279.45,470.06,145.81,72.93,0.61,6,-1,-1
115,4,1454.83,485.12,141.00,79.08,0.99,5,-1,-1
115,13,78.50,459.35,119.62,76.90,0.99,6,-1,-1
115,1,2096.98,498.02,59.06,39.34,0.73,7,-1,-1
116,2,534.59,589.56,71.18,43.49,0.98,4,-1,-1
116,3,2288.16,468.67,189.46,81.64,0.69,6,-1,-1
116,4,1447.15,486.59,140.76,78.37,0.98,5,-1,-1
116,13,78.12,459.05,119.07,77.37,0.99,6,-1,-1
116,1,2103.62,497.87,58.22,39.14,0.50,7,-1,-1
116,46,904.57,443.78,85.22,46.00,0.83,5,-1,-1
117,2,532.82,589.02,72.13,45.20,0.98,4,-1,-1
117,3,2293.61,468.72,205.04,85.31,0.74,6,-1,-1
117,4,1438.96,486.83,141.75,79.76,0.98,5,-1,-1
117,13,76.97,458.34,119.69,78.12,0.99,6,-1,-1
117,1,2110.46,496.95,57.94,39.09,0.69,7,-1,-1
117,46,878.63,442.73,106.82,48.98,0.53,5,-1,-1
117,48,2110.58,498.62,54.64,38.42,0.67,4,-1,-1
118,2,527.82,588.60,72.49,45.29,0.98,4,-1,-1
118,3,2296.54,469.60,162.75,76.86,0.12,6,-1,-1
118,4,1425.96,488.07,144.34,80.28,0.98,5,-1,-1
118,13,73.75,458.41,117.00,77.85,0.99,6,-1,-1
118,1,2112.78,499.23,55.56,36.79,0.70,7,-1,-1
118,46,886.40,444.39,91.30,46.60,0.73,5,-1,-1
119,2,516.81,589.07,73.78,45.32,0.94,4,-1,-1
119,3,2297.17,469.57,193.01,84.41,0.95,6,-1,-1
119,4,1409.33,488.77,145.34,81.03,0.93,5,-1,-1
119,13,58.51,459.08,121.42,78.32,0.98,6,-1,-1
119,1,2109.51,497.97,54.72,37.72,0.88,7,-1,-1
119,46,883.02,444.48,80.30,45.08,0.81,5,-1,-1
120,2,497.86,590.78,73.19,44.79,0.99,4,-1,-1
120,3,2283.74,466.65,204.77,90.85,0.98,6,-1,-1
120,4,1384.01,489.54,146.91,81.90,0.95,5,-1,-1
120,13,34.39,459.72,124.88,79.11,0.98,6,-1,-1
120,1,2098.68,496.56,54.48,38.07,0.82,7,-1,-1
120,46,860.24,445.36,80.96,46.86,0.63,5,-1,-1
121,2,474.52,592.92,72.94,43.41,0.98,4,-1,-1
121,3,2260.75,467.67,213.75,91.09,0.57,6,-1,-1
121,4,1357.10,490.45,146.34,81.57,0.81,5,-1,-1
121,13,7.37,461.08,125.82,79.34,0.98,6,-1,-1
121,1,2084.50,493.86,52.12,38.77,0.68,7,-1,-1
121,46,835.79,444.54,80.32,48.59,0.70,5,-1,-1
122,2,453.32,592.76,73.97,45.75,0.97,4,-1,-1
122,4,1331.10,490.88,147.20,81.41,0.92,5,-1,-1
122,13,-5.37,460.42,115.04,81.67,0.49,6,-1,-1
122,1,2068.81,490.62,53.61,40.16,0.52,7,-1,-1
122,46,804.72,442.70,86.48,47.00,0.42,5,-1,-1
122,49,1161.16,881.97,133.19,71.72,0.72,4,-1,-1
122,50,2368.43,490.08,85.38,58.91,0.61,5,-1,-1
122,51,2604.07,415.37,54.64,34.15,0.80,4,-1,-1
123,2,444.68,593.48,72.58,44.34,0.98,4,-1,-1
123,4,1313.25,491.38,149.56,81.86,0.98,5,-1,-1
123,13,-4.96,459.24,104.70,85.29,0.56,6,-1,-1
123,1,2063.84,490.86,51.82,39.55,0.85,7,-1,-1
123,46,807.58,443.05,70.47,42.35,0.55,4,-1,-1
123,49,1175.94,888.27,134.61,71.71,0.96,4,-1,-1
123,50,2358.89,489.89,93.61,57.54,0.62,5,-1,-1
123,51,2595.95,415.29,54.66,33.98,0.65,4,-1,-1
124,2,440.72,593.47,73.73,44.37,0.94,4,-1,-1
124,4,1302.73,492.09,150.39,82.06,0.96,5,-1,-1
124,13,-2.73,458.94,97.53,86.14,0.62,6,-1,-1
124,1,2065.02,488.93,53.48,40.46,0.68,7,-1,-1
124,46,798.16,441.25,70.85,42.40,0.48,5,-1,-1
124,49,1199.34,896.06,136.19,70.42,0.97,4,-1,-1
124,50,2360.59,488.00,95.15,62.60,0.51,5,-1,-1
124,51,2595.41,414.45,54.67,35.61,0.39,4,-1,-1
125,2,439.96,594.11,73.58,43.82,0.95,4,-1,-1
125,4,1293.82,493.12,151.78,82.70,0.98,5,-1,-1
125,13,-0.95,459.98,94.47,84.23,0.75,6,-1,-1
125,1,2069.62,489.40,54.08,39.69,0.84,7,-1,-1
125,46,793.99,440.50,69.77,41.29,0.68,5,-1,-1
125,49,1231.87,904.06,136.69,71.33,0.99,4,-1,-1
125,50,2369.73,487.97,95.68,60.47,0.67,5,-1,-1
125,51,2597.19,414.64,54.65,35.99,0.22,4,-1,-1
126,2,439.27,594.29,73.51,44.75,0.94,4,-1,-1
126,4,1284.65,493.36,153.39,84.04,0.97,5,-1,-1
126,13,-0.34,460.65,92.93,82.88,0.73,6,-1,-1
126,1,2074.62,489.71,52.06,38.82,0.86,7,-1,-1
126,46,790.97,439.86,71.21,42.63,0.46,5,-1,-1
126,49,1262.60,911.93,138.08,71.63,0.99,4,-1,-1
126,50,2377.66,487.19,95.81,60.75,0.45,5,-1,-1
126,51,2597.68,414.20,57.21,37.64,0.25,4,-1,-1
127,2,438.47,594.54,74.05,45.65,0.94,4,-1,-1
127,4,1276.94,494.71,153.96,84.53,0.94,5,-1,-1
127,13,-0.22,461.40,92.81,83.48,0.77,6,-1,-1
127,1,2080.84,489.68,49.01,39.07,0.52,7,-1,-1
127,46,778.49,437.83,80.38,45.39,0.21,5,-1,-1
127,49,1292.62,920.53,140.96,71.72,0.99,4,-1,-1
127,51,2600.15,414.76,55.63,35.16,0.16,4,-1,-1
128,2,437.87,595.76,74.25,45.44,0.99,4,-1,-1
128,4,1266.99,496.98,155.25,84.71,0.98,5,-1,-1
128,13,-0.18,462.22,92.28,83.71,0.66,6,-1,-1
128,1,2086.34,491.28,50.25,38.03,0.35,7,-1,-1
128,49,1324.55,929.28,141.91,71.75,0.97,4,-1,-1
128,52,961.37,465.32,56.35,34.15,0.72,4,-1,-1
129,2,436.81,596.37,74.31,45.34,0.97,4,-1,-1
129,4,1254.98,498.50,159.05,85.30,0.96,5,-1,-1
129,13,-0.23,462.43,90.88,84.33,0.71,6,-1,-1
129,1,2090.24,490.86,50.69,38.79,0.62,7,-1,-1
129,49,1355.33,938.39,144.52,72.93,0.98,4,-1,-1
130,2,436.68,597.50,73.75,44.17,0.98,4,-1,-1
130,4,1245.80,499.94,159.32,84.93,0.95,5,-1,-1
130,13,0.25,464.29,89.09,81.74,0.65,6,-1,-1
130,1,2093.80,489.90,53.15,39.06,0.86,7,-1,-1
130,49,1386.38,945.75,147.71,74.50,1.00,4,-1,-1
130,51,2603.90,416.02,57.81,35.23,0.57,4,-1,-1
131,2,436.62,597.87,73.11,43.71,0.98,4,-1,-1
131,4,1236.52,500.67,160.48,85.89,0.99,5,-1,-1
131,13,0.47,464.69,87.86,80.72,0.65,6,-1,-1
131,1,2099.44,488.32,51.84,39.73,0.36,7,-1,-1
131,49,1419.70,952.08,149.97,76.20,1.00,4,-1,-1
131,51,2605.29,415.27,58.07,35.52,0.32,4,-1,-1
132,2,435.94,597.96,72.87,42.98,0.99,4,-1,-1
132,4,1225.97,501.16,163.13,86.25,0.98,5,-1,-1
132,13,0.45,464.77,87.14,80.35,0.54,6,-1,-1
132,1,2103.67,487.46,51.33,39.98,0.63,7,-1,-1
132,49,1453.17,959.85,150.76,75.70,1.00,4,-1,-1
133,2,435.99,597.97,72.50,42.71,0.98,4,-1,-1
133,4,1217.19,501.26,162.97,86.91,0.98,5,-1,-1
133,13,0.27,464.25,87.59,80.77,0.56,6,-1,-1
133,1,2107.23,486.19,51.15,38.95,0.75,7,-1,-1
133,49,1485.56,966.37,154.37,78.88,1.00,4,-1,-1
134,2,435.24,596.78,73.08,43.76,0.97,4,-1,-1
134,4,1206.41,501.24,165.12,87.73,0.97,5,-1,-1
134,13,-0.01,462.54,87.91,82.65,0.67,6,-1,-1
134,1,2110.88,484.91,51.11,39.70,0.22,7,-1,-1
134,49,1519.30,974.24,157.93,78.94,1.00,4,-1,-1
135,2,435.10,596.76,72.72,43.59,0.98,4,-1,-1
135,4,1197.08,501.95,165.88,88.02,0.97,5,-1,-1
135,13,0.01,462.61,87.23,82.23,0.56,6,-1,-1
135,1,2114.29,483.81,51.09,39.98,0.46,7,-1,-1
135,49,1554.01,982.73,160.33,78.93,1.00,4,-1,-1
136,2,434.55,597.01,72.45,42.97,0.98,4,-1,-1
136,4,1184.85,502.17,170.60,89.80,0.99,5,-1,-1
136,13,-0.24,462.90,86.16,80.94,0.70,6,-1,-1
136,1,2116.49,482.56,53.36,40.65,0.37,7,-1,-1
136,49,1589.59,991.29,162.84,80.02,1.00,4,-1,-1
137,2,431.23,597.73,72.36,42.17,0.97,4,-1,-1
137,4,1173.25,503.41,169.04,89.35,0.98,5,-1,-1
137,13,-1.56,463.34,83.97,82.16,0.19,6,-1,-1
137,1,2118.40,482.18,51.99,39.78,0.56,7,-1,-1
137,49,1622.21,999.99,167.09,81.54,1.00,4,-1,-1
137,3,2327.68,470.80,225.36,82.96,0.52,6,-1,-1
138,2,424.77,597.12,71.49,43.01,0.98,4,-1,-1
138,4,1155.89,503.13,172.86,90.81,0.99,5,-1,-1
138,13,-2.29,461.86,77.04,83.16,0.27,6,-1,-1
138,1,2118.08,482.31,49.18,37.74,0.42,7,-1,-1
138,49,1654.97,1007.83,168.67,82.06,1.00,4,-1,-1
138,3,2329.72,468.47,225.47,88.85,0.68,6,-1,-1
139,2,417.32,597.02,72.58,43.89,0.98,4,-1,-1
139,4,1138.23,503.76,176.49,91.92,0.99,5,-1,-1
139,13,-1.93,461.68,68.97,84.11,0.25,6,-1,-1
139,1,2114.75,480.64,50.44,38.12,0.63,7,-1,-1
139,49,1687.92,1016.38,170.30,83.37,1.00,4,-1,-1
139,3,2331.67,469.40,223.24,87.73,0.91,6,-1,-1
139,53,884.53,463.61,64.89,35.86,0.85,4,-1,-1
140,2,409.20,596.33,73.70,45.35,0.95,4,-1,-1
140,4,1123.07,504.41,176.73,92.32,1.00,5,-1,-1
140,13,-1.27,463.22,57.82,80.54,0.64,6,-1,-1
140,1,2112.47,479.62,48.64,37.70,0.59,7,-1,-1
140,49,1721.91,1023.15,171.96,84.95,1.00,4,-1,-1
140,3,2330.12,469.61,224.69,84.99,0.98,6,-1,-1
140,53,872.92,463.91,60.80,35.86,0.92,4,-1,-1
141,2,402.78,596.77,73.00,44.78,0.91,4,-1,-1
141,4,1106.68,505.06,178.97,92.99,0.98,5,-1,-1
141,13,-0.95,465.41,47.80,78.57,0.47,6,-1,-1
141,1,2108.15,478.81,50.26,37.54,0.87,7,-1,-1
141,49,1754.54,1031.09,176.40,86.63,1.00,4,-1,-1
141,3,2327.15,470.36,227.47,82.79,0.99,6,-1,-1
141,53,857.09,464.38,62.68,37.83,0.95,4,-1,-1
141,54,988.69,873.01,140.02,101.17,0.61,4,-1,-1
141,55,1016.02,893.92,109.29,80.26,0.63,4,-1,-1
142,2,394.80,596.75,73.43,44.56,0.98,4,-1,-1
142,4,1088.14,505.16,182.00,93.80,1.00,5,-1,-1
142,13,-0.49,467.70,39.24,75.00,0.51,6,-1,-1
142,1,2104.40,477.09,50.85,38.06,0.72,7,-1,-1
142,49,1790.47,1039.37,178.03,88.37,1.00,4,-1,-1
142,3,2321.54,469.77,233.01,84.92,0.91,6,-1,-1
142,53,848.37,463.46,60.97,38.50,0.91,4,-1,-1
142,54,984.63,892.45,156.43,87.17,0.72,4,-1,-1
143,2,386.89,596.03,75.14,46.72,0.91,4,-1,-1
143,4,1073.29,505.86,183.10,94.64,0.99,5,-1,-1
143,13,-0.43,469.83,31.58,71.96,0.48,6,-1,-1
143,49,1824.50,1046.82,183.01,90.11,1.00,4,-1,-1
143,3,2325.07,469.06,228.38,85.13,0.92,6,-1,-1
143,53,835.79,463.56,62.62,39.29,0.88,4,-1,-1
143,54,1004.38,899.88,151.87,85.72,0.55,4,-1,-1
144,2,379.72,596.46,74.11,45.31,0.95,4,-1,-1
144,4,1056.85,506.23,184.58,95.50,0.98,5,-1,-1
144,13,-0.31,472.21,21.02,67.98,0.18,6,-1,-1
144,49,1859.72,1055.34,187.07,90.74,1.00,4,-1,-1
144,3,2326.33,468.31,226.55,84.07,0.70,6,-1,-1
144,53,826.18,463.17,62.23,37.69,0.76,4,-1,-1
144,54,1032.30,903.31,146.22,89.41,0.96,5,-1,-1
144,1,2098.66,474.96,51.14,38.32,0.57,7,-1,-1
145,2,373.47,596.42,73.83,45.31,0.95,4,-1,-1
145,4,1036.89,506.74,188.42,96.36,1.00,5,-1,-1
145,49,1899.06,1063.47,188.54,93.17,0.99,4,-1,-1
145,3,2316.81,466.78,234.90,84.84,0.89,6,-1,-1
145,53,809.49,462.22,67.79,39.50,0.66,4,-1,-1
145,54,1052.44,908.05,147.21,90.53,0.66,4,-1,-1
145,1,2097.81,475.55,48.92,37.24,0.22,7,-1,-1
146,2,369.14,596.73,74.01,45.30,0.97,4,-1,-1
146,4,1020.14,506.93,192.05,98.33,1.00,5,-1,-1
146,49,1939.65,1072.38,191.23,94.06,1.00,4,-1,-1
146,3,2316.42,465.59,240.22,85.68,0.37,6,-1,-1
146,53,800.71,461.92,69.72,40.68,0.89,4,-1,-1
146,54,1076.26,914.99,146.40,88.36,0.70,5,-1,-1
146,1,2097.28,473.74,50.42,38.57,0.31,7,-1,-1
147,2,368.95,597.32,73.50,44.74,0.97,4,-1,-1
147,4,1008.81,508.15,194.46,99.10,1.00,5,-1,-1
147,49,1984.09,1081.88,194.36,95.50,1.00,4,-1,-1
147,53,795.36,462.69,67.55,39.40,0.37,4,-1,-1
147,54,1103.86,921.45,147.41,90.00,0.65,5,-1,-1
147,1,2101.69,472.55,50.94,40.18,0.15,7,-1,-1
148,2,368.54,596.99,73.72,45.09,0.98,4,-1,-1
148,4,997.07,509.16,196.42,100.46,1.00,5,-1,-1
148,49,2032.01,1092.94,195.47,96.00,1.00,4,-1,-1
148,53,790.49,463.30,67.19,38.28,0.40,4,-1,-1
148,54,1130.29,928.19,147.83,89.36,0.76,5,-1,-1
148,1,2104.29,471.52,51.14,40.79,0.21,7,-1,-1
148,56,867.46,893.92,140.02,105.87,0.83,4,-1,-1
148,3,2333.80,466.79,234.37,84.11,0.82,6,-1,-1
149,2,367.63,597.43,73.96,43.53,0.99,4,-1,-1
149,4,985.69,510.06,198.22,100.40,1.00,5,-1,-1
149,49,2078.07,1102.50,200.26,98.38,1.00,4,-1,-1
149,54,1156.84,933.93,149.22,89.10,0.83,4,-1,-1
149,56,880.40,894.63,148.22,109.97,0.86,4,-1,-1
149,3,2341.92,467.29,230.36,83.17,0.63,6,-1,-1
149,57,574.18,445.25,101.60,57.20,0.66,6,-1,-1
149,58,575.46,446.53,98.19,54.64,0.67,5,-1,-1
150,2,366.94,597.36,74.19,43.50,0.98,4,-1,-1
150,4,972.34,510.98,201.08,101.47,1.00,5,-1,-1
150,49,2125.62,1113.17,204.24,100.37,0.99,4,-1,-1
150,54,1183.52,939.32,150.92,91.31,0.94,5,-1,-1
150,56,884.19,895.46,169.16,118.55,0.26,4,-1,-1
150,57,572.80,444.95,102.97,57.89,0.52,6,-1,-1
150,58,576.13,446.23,96.14,54.64,0.62,5,-1,-1
150,59,2516.99,992.11,160.51,70.01,0.93,4,-1,-1
151,2,366.85,597.85,73.56,42.93,0.99,4,-1,-1
151,4,960.32,512.11,203.20,102.96,1.00,5,-1,-1
151,49,2174.56,1124.11,207.88,101.09,0.99,4,-1,-1
151,54,1211.22,945.03,151.56,93.24,0.97,5,-1,-1
151,56,908.78,907.10,174.19,117.74,0.40,5,-1,-1
151,57,573.20,443.90,107.82,58.67,0.44,6,-1,-1
151,58,575.60,445.50,95.74,54.64,0.27,5,-1,-1
151,59,2486.96,988.02,160.52,70.01,0.96,4,-1,-1
151,53,773.91,463.25,66.79,38.43,0.71,4,-1,-1
152,2,366.93,598.66,73.19,42.15,0.99,4,-1,-1
152,4,950.53,513.41,202.84,104.62,1.00,5,-1,-1
152,49,2226.43,1135.90,211.42,102.43,0.99,4,-1,-1
152,54,1239.91,951.58,151.81,95.09,0.93,5,-1,-1
152,56,938.75,915.63,176.43,119.64,0.55,4,-1,-1
152,57,572.02,442.25,110.77,60.26,0.57,6,-1,-1
152,59,2452.27,984.01,160.52,70.01,0.98,4,-1,-1
152,53,768.90,464.76,67.21,37.83,0.87,4,-1,-1
153,2,367.72,599.19,72.33,42.44,0.99,4,-1,-1
153,4,938.82,514.95,203.72,105.22,1.00,9,-1,-1
153,49,2277.08,1147.84,219.31,104.01,0.99,4,-1,-1
153,54,1267.82,959.41,155.32,94.63,0.93,5,-1,-1
153,56,969.84,921.26,175.57,123.81,0.73,4,-1,-1
153,57,561.33,443.91,114.11,61.37,0.75,6,-1,-1
153,59,2412.69,977.29,157.86,71.34,0.96,4,-1,-1
153,53,764.12,466.09,65.07,35.33,0.79,4,-1,-1
154,2,367.46,599.38,72.30,42.55,0.99,4,-1,-1
154,4,926.92,516.34,205.10,106.53,1.00,9,-1,-1
154,49,2330.49,1160.98,222.26,104.58,0.99,4,-1,-1
154,54,1297.08,966.68,157.74,95.54,0.97,5,-1,-1
154,56,1001.55,928.29,174.92,125.20,0.84,4,-1,-1
154,57,543.25,445.43,119.94,61.71,0.82,6,-1,-1
154,59,2373.02,972.12,157.03,70.49,0.99,4,-1,-1
155,2,367.66,599.70,72.01,42.59,0.99,4,-1,-1
155,4,914.39,517.35,207.81,106.99,1.00,9,-1,-1
155,49,2386.22,1172.26,225.49,106.96,0.99,4,-1,-1
155,54,1325.76,973.64,160.90,95.85,0.99,4,-1,-1
155,56,1033.81,936.37,175.63,124.42,0.68,4,-1,-1
155,57,535.74,446.54,119.61,61.78,0.90,6,-1,-1
155,59,2335.46,966.81,156.81,70.17,0.97,4,-1,-1
155,60,1039.07,936.61,174.17,124.65,0.67,5,-1,-1
156,2,367.58,599.68,71.90,43.74,0.98,4,-1,-1
156,4,903.93,519.21,208.77,107.66,1.00,9,-1,-1
156,49,2442.71,1184.51,231.03,108.91,0.99,4,-1,-1
156,54,1355.92,981.16,162.07,97.05,1.00,4,-1,-1
156,56,1065.60,943.20,175.72,126.30,0.93,4,-1,-1
156,57,531.05,447.66,121.60,61.17,0.93,6,-1,-1
156,59,2299.94,960.97,154.36,70.04,0.99,4,-1,-1
157,2,366.99,600.48,73.01,43.05,0.98,4,-1,-1
157,4,893.12,521.24,209.08,107.89,1.00,9,-1,-1
157,49,2499.60,1195.47,211.06,111.83,0.96,4,-1,-1
157,54,1387.79,989.35,163.62,96.35,1.00,4,-1,-1
157,56,1098.85,951.16,176.77,126.93,0.76,4,-1,-1
157,57,526.74,448.01,122.23,62.08,0.93,6,-1,-1
157,59,2265.31,957.89,151.16,67.62,0.99,4,-1,-1
158,2,367.35,600.79,73.84,43.34,0.98,4,-1,-1
158,4,879.99,522.26,212.48,109.03,1.00,9,-1,-1
158,49,2559.17,1206.91,172.82,108.49,0.74,4,-1,-1
158,54,1420.27,996.64,166.40,96.03,1.00,4,-1,-1
158,56,1131.46,958.94,179.31,127.06,0.84,4,-1,-1
158,57,520.69,450.15,121.21,60.66,0.98,6,-1,-1
158,59,2230.90,953.40,150.07,66.74,0.99,4,-1,-1
159,2,368.32,601.44,73.88,42.89,0.98,4,-1,-1
159,4,867.87,523.42,215.12,110.01,1.00,9,-1,-1
159,54,1453.49,1004.80,168.55,97.03,1.00,4,-1,-1
159,56,1165.94,966.14,180.18,129.32,0.63,4,-1,-1
159,57,514.41,451.76,124.71,60.11,0.99,6,-1,-1
159,59,2197.87,947.95,147.41,66.46,0.99,4,-1,-1
159,61,1168.84,967.35,181.00,128.07,0.65,4,-1,-1
160,2,368.61,601.41,74.87,43.29,0.98,4,-1,-1
160,4,855.89,524.97,217.18,110.35,1.00,9,-1,-1
160,54,1487.55,1012.14,172.67,98.51,1.00,4,-1,-1
160,56,1199.46,973.13,183.78,131.25,0.86,4,-1,-1
160,57,509.80,452.06,130.43,62.19,0.99,6,-1,-1
160,59,2165.28,942.72,146.51,66.38,0.99,4,-1,-1
161,2,368.76,601.66,75.39,43.44,0.99,4,-1,-1
161,4,844.94,526.37,217.91,111.58,1.00,9,-1,-1
161,54,1522.86,1019.76,174.20,100.18,1.00,4,-1,-1
161,56,1234.08,981.16,186.19,133.05,0.88,4,-1,-1
161,57,505.64,451.30,136.43,65.21,0.99,6,-1,-1
161,59,2133.92,938.18,143.93,66.37,0.99,4,-1,-1
162,2,370.17,602.00,74.59,43.50,0.99,4,-1,-1
162,4,832.03,528.24,221.18,112.58,1.00,9,-1,-1
162,54,1559.93,1028.52,174.73,100.79,1.00,4,-1,-1
162,56,1270.38,989.53,188.13,134.79,0.89,4,-1,-1
162,57,502.95,450.69,140.33,65.78,0.99,6,-1,-1
162,59,2100.78,934.39,143.06,65.24,0.99,4,-1,-1
163,2,371.26,602.15,73.86,44.09,0.99,4,-1,-1
163,4,819.56,530.34,224.60,113.48,1.00,9,-1,-1
163,54,1596.90,1036.68,178.22,102.11,1.00,4,-1,-1
163,56,1307.10,997.53,188.78,136.52,0.61,4,-1,-1
163,57,497.29,450.75,143.95,65.97,0.97,6,-1,-1
163,59,2069.14,929.21,142.80,65.99,1.00,4,-1,-1
163,62,1307.16,998.94,194.67,136.61,0.69,4,-1,-1
164,2,371.07,602.84,73.72,43.18,0.99,4,-1,-1
164,4,804.45,531.99,228.07,114.90,1.00,9,-1,-1
164,54,1633.76,1045.67,184.51,103.69,1.00,4,-1,-1
164,56,1342.27,1008.15,193.42,137.11,0.92,4,-1,-1
164,57,490.14,449.69,150.77,66.57,1.00,6,-1,-1
164,59,2036.88,924.04,142.77,66.27,1.00,4,-1,-1
165,2,370.72,603.05,74.36,43.96,0.96,4,-1,-1
165,4,791.64,533.66,230.13,116.50,1.00,9,-1,-1
165,54,1673.38,1054.26,185.74,105.36,1.00,4,-1,-1
165,56,1380.25,1015.72,196.20,139.48,0.66,4,-1,-1
165,57,483.30,447.88,158.75,69.55,0.98,6,-1,-1
165,59,2005.56,918.76,140.51,66.37,0.99,4,-1,-1
165,63,1380.59,1018.58,199.79,138.31,0.72,4,-1,-1
166,2,370.52,602.56,74.61,44.81,0.97,4,-1,-1
166,4,779.35,535.34,230.88,117.09,1.00,9,-1,-1
166,54,1713.75,1062.29,187.82,108.20,1.00,4,-1,-1
166,56,1418.84,1025.03,199.43,140.34,0.70,4,-1,-1
166,57,475.30,446.89,163.98,72.32,0.99,6,-1,-1
166,59,1975.99,914.14,137.45,65.29,1.00,4,-1,-1
166,63,1413.56,1025.33,201.16,139.62,0.72,4,-1,-1
167,2,370.00,602.37,74.85,45.12,0.98,4,-1,-1
167,4,765.84,537.03,232.48,117.81,1.00,9,-1,-1
167,54,1753.65,1071.61,192.99,109.23,1.00,4,-1,-1
167,56,1460.32,1033.77,201.70,142.81,0.71,4,-1,-1
167,57,469.55,447.89,164.85,71.69,0.96,6,-1,-1
167,59,1945.73,909.64,136.38,63.74,1.00,4,-1,-1
167,63,1449.47,1035.06,205.37,139.84,0.76,4,-1,-1
168,2,369.48,603.44,73.68,43.55,0.99,4,-1,-1
168,4,750.91,539.05,235.26,118.04,1.00,9,-1,-1
168,54,1795.40,1081.02,194.92,109.58,1.00,4,-1,-1
168,56,1498.88,1041.84,209.15,147.03,0.36,4,-1,-1
168,57,462.94,449.15,169.43,73.07,0.99,6,-1,-1
168,59,1913.96,904.18,136.04,64.32,1.00,4,-1,-1
168,63,1493.57,1043.03,208.10,145.25,0.82,4,-1,-1
169,2,369.49,603.31,73.20,44.08,0.96,4,-1,-1
169,4,736.27,542.11,237.28,117.52,1.00,9,-1,-1
169,54,1836.68,1090.49,197.73,110.77,1.00,4,-1,-1
169,56,1538.96,1054.07,212.41,146.36,0.59,4,-1,-1
169,57,455.83,448.08,173.76,76.32,0.99,6,-1,-1
169,59,1883.78,900.18,133.65,62.27,0.99,4,-1,-1
169,63,1539.52,1051.58,209.44,148.19,0.86,5,-1,-1
170,2,368.07,603.25,71.64,44.28,0.89,4,-1,-1
170,4,721.22,543.46,239.76,119.02,1.00,9,-1,-1
170,54,1880.24,1098.97,201.03,113.45,1.00,4,-1,-1
170,56,1583.09,1064.20,213.66,146.07,0.48,4,-1,-1
170,57,446.66,448.42,180.35,77.01,0.99,6,-1,-1
170,59,1853.40,894.41,132.87,62.69,1.00,4,-1,-1
170,63,1584.64,1060.36,212.91,150.34,0.86,4,-1,-1
171,2,366.14,603.43,71.61,44.89,0.92,4,-1,-1
171,4,706.03,546.30,241.13,118.89,0.99,9,-1,-1
171,54,1925.58,1107.60,202.19,114.34,0.99,4,-1,-1
171,56,1626.63,1072.46,217.31,149.14,0.49,4,-1,-1
171,57,440.48,449.92,180.06,73.83,0.97,6,-1,-1
171,59,1822.68,887.63,132.61,63.94,1.00,4,-1,-1
171,63,1629.15,1069.34,216.97,152.07,0.86,4,-1,-1
172,2,363.06,603.91,72.21,46.28,0.92,4,-1,-1
172,4,689.80,548.62,243.12,120.06,1.00,9,-1,-1
172,54,1969.71,1116.68,207.10,115.87,0.99,4,-1,-1
172,56,1673.14,1080.17,220.96,153.73,0.76,4,-1,-1
172,57,429.97,451.38,180.56,72.06,0.98,6,-1,-1
172,59,1792.10,883.39,132.65,62.23,1.00,4,-1,-1
172,63,1675.08,1078.46,219.61,155.05,0.62,5,-1,-1
172,64,431.59,454.22,166.49,68.30,0.90,9,-1,-1
173,2,361.92,605.00,72.99,47.32,0.92,4,-1,-1
173,4,672.92,550.32,247.90,122.05,1.00,9,-1,-1
173,54,2016.84,1124.89,213.26,118.54,0.99,4,-1,-1
173,56,1719.74,1088.46,224.97,156.43,0.18,4,-1,-1
173,57,419.47,453.47,177.68,66.19,0.95,6,-1,-1
173,59,1765.26,879.43,130.39,60.39,1.00,4,-1,-1
173,63,1721.43,1088.51,224.44,155.94,0.97,4,-1,-1
173,64,424.94,456.32,159.18,62.04,0.63,9,-1,-1
174,2,362.44,605.88,73.27,46.08,0.95,4,-1,-1
174,4,659.97,552.08,248.79,124.56,1.00,9,-1,-1
174,54,2066.17,1134.14,217.73,119.60,0.99,4,-1,-1
174,56,1768.92,1097.63,228.58,158.60,0.88,4,-1,-1
174,57,413.19,454.48,173.59,61.70,0.98,6,-1,-1
174,59,1738.15,874.97,127.86,58.63,0.99,4,-1,-1
174,63,1770.50,1097.23,228.35,159.69,0.50,4,-1,-1
174,64,416.83,458.61,136.22,56.11,0.37,6,-1,-1
175,2,362.03,605.14,75.06,46.15,0.98,4,-1,-1
175,4,645.27,553.32,251.27,126.05,1.00,9,-1,-1
175,54,2116.85,1143.35,219.36,121.09,0.99,4,-1,-1
175,56,1818.45,1106.78,232.07,160.49,0.87,4,-1,-1
175,59,1711.41,869.07,126.39,60.04,0.99,4,-1,-1
175,63,1819.97,1106.77,231.97,161.02,0.42,4,-1,-1
175,64,407.51,458.34,126.91,55.80,0.97,9,-1,-1
176,2,362.13,604.19,76.29,47.31,0.98,4,-1,-1
176,4,630.10,554.54,252.41,126.67,1.00,9,-1,-1
176,54,2165.77,1153.16,224.29,122.79,0.98,4,-1,-1
176,56,1865.78,1119.25,237.71,159.02,0.18,4,-1,-1
176,59,1683.58,864.25,125.33,59.75,0.99,4,-1,-1
176,63,1869.45,1116.06,235.45,163.76,0.90,5,-1,-1
176,57,399.84,455.20,140.86,58.61,0.92,6,-1,-1
177,2,361.79,603.44,76.33,47.20,0.98,4,-1,-1
177,4,612.53,555.42,256.66,128.00,1.00,9,-1,-1
177,54,2217.49,1162.75,226.09,125.63,0.99,4,-1,-1
177,59,1655.60,858.62,124.41,59.66,0.99,4,-1,-1
177,57,399.23,455.78,128.78,56.34,0.84,6,-1,-1
178,2,361.96,603.22,76.19,46.02,0.98,4,-1,-1
178,4,595.03,556.61,259.31,129.04,1.00,9,-1,-1
178,54,2267.95,1172.40,233.30,128.90,0.98,4,-1,-1
178,59,1628.52,853.41,123.55,59.65,0.99,4,-1,-1
178,57,394.72,455.73,122.85,54.42,0.67,6,-1,-1
178,56,1966.61,1135.75,244.75,167.14,0.93,4,-1,-1
179,2,362.56,602.57,75.85,46.70,0.98,4,-1,-1
179,4,575.99,558.10,264.16,130.53,1.00,9,-1,-1
179,54,2320.30,1182.57,238.20,131.23,0.99,4,-1,-1
179,59,1600.28,848.27,122.72,58.53,0.99,4,-1,-1
179,57,392.31,455.96,114.91,52.01,0.62,9,-1,-1
179,56,2018.99,1145.57,247.88,171.98,0.98,4,-1,-1
180,2,362.09,597.39,76.67,46.94,0.97,4,-1,-1
180,4,557.20,555.38,267.50,131.60,1.00,9,-1,-1
180,54,2371.83,1187.91,244.31,135.37,0.98,4,-1,-1
180,59,1573.72,840.18,120.14,57.26,0.99,4,-1,-1
180,57,383.99,450.27,117.37,55.28,0.88,6,-1,-1
180,56,2069.30,1150.16,253.38,177.04,0.92,4,-1,-1
180,64,382.99,450.36,117.79,57.10,0.94,9,-1,-1
181,2,360.87,587.26,77.57,47.03,0.98,4,-1,-1
181,4,539.80,549.15,269.94,132.00,1.00,9,-1,-1
181,54,2426.27,1189.90,246.68,136.95,0.98,4,-1,-1
181,59,1545.91,826.26,120.44,57.39,0.99,4,-1,-1
181,57,377.90,439.87,116.86,57.57,0.89,6,-1,-1
181,56,2123.08,1151.31,257.77,179.00,0.96,4,-1,-1
181,64,377.18,440.34,116.66,56.73,0.50,9,-1,-1
182,2,360.19,577.22,78.04,48.19,0.96,4,-1,-1
182,4,520.23,540.80,272.45,135.45,1.00,9,-1,-1
182,54,2481.15,1192.23,236.40,137.49,0.92,4,-1,-1
182,59,1518.94,812.10,120.59,57.16,0.95,4,-1,-1
182,57,371.63,430.83,117.31,55.66,0.89,6,-1,-1
182,56,2176.54,1152.74,261.65,179.72,0.98,5,-1,-1
182,64,371.34,431.36,117.02,53.86,0.24,9,-1,-1
183,2,361.15,567.41,76.53,47.50,0.95,4,-1,-1
183,4,499.99,532.40,276.10,136.71,1.00,9,-1,-1
183,54,2537.56,1193.63,193.74,138.72,0.98,4,-1,-1
183,59,1494.13,798.55,118.42,57.08,0.98,4,-1,-1
183,57,359.66,420.57,121.79,58.33,0.60,6,-1,-1
183,56,2231.08,1154.35,265.31,183.26,0.99,5,-1,-1
183,64,355.30,420.22,127.08,58.01,0.41,6,-1,-1
184,2,360.48,557.25,76.50,47.78,0.95,4,-1,-1
184,4,479.37,524.64,280.75,137.15,1.00,9,-1,-1
184,54,2596.15,1194.68,137.87,132.48,0.82,4,-1,-1
184,59,1466.02,785.72,118.79,55.37,0.91,4,-1,-1
184,57,356.96,409.52,120.51,58.33,0.78,6,-1,-1
184,56,2285.91,1156.02,268.88,185.68,0.98,5,-1,-1
184,64,352.38,409.28,125.61,58.08,0.21,6,-1,-1
184,65,2547.72,883.68,170.76,121.24,0.84,6,-1,-1
185,2,360.18,550.64,76.93,46.76,0.95,4,-1,-1
185,4,459.19,520.53,284.19,137.81,1.00,9,-1,-1
185,59,1443.73,773.32,115.59,56.45,0.94,4,-1,-1
185,57,350.17,403.51,119.87,53.68,0.87,6,-1,-1
185,56,2342.43,1160.38,274.72,191.01,0.98,5,-1,-1
185,64,345.28,403.47,124.54,53.56,0.52,6,-1,-1
185,65,2523.41,873.87,192.65,126.70,0.86,6,-1,-1
186,2,359.21,547.46,77.91,47.49,0.86,4,-1,-1
186,4,436.70,521.05,288.09,139.15,0.99,9,-1,-1
186,59,1416.87,765.13,117.84,59.12,0.90,4,-1,-1
186,56,2399.62,1170.40,281.23,196.31,0.97,5,-1,-1
186,65,2493.30,867.07,224.50,130.33,0.88,6,-1,-1
187,2,358.49,546.03,80.65,48.88,0.44,4,-1,-1
187,4,414.26,520.96,293.37,140.73,1.00,9,-1,-1
187,59,1393.13,759.14,114.16,60.13,0.92,4,-1,-1
187,56,2459.86,1183.64,263.76,194.99,0.91,5,-1,-1
187,65,2459.30,861.91,250.78,126.40,0.96,6,-1,-1
187,57,335.17,398.73,122.10,54.36,0.63,6,-1,-1
188,2,356.80,545.89,84.46,51.07,0.71,4,-1,-1
188,4,392.06,522.08,298.07,143.51,1.00,9,-1,-1
188,59,1371.16,754.56,110.51,61.07,0.95,4,-1,-1
188,56,2522.75,1196.78,215.51,189.90,0.91,5,-1,-1
188,65,2427.15,857.38,260.16,131.73,0.94,6,-1,-1
188,57,332.60,398.60,119.38,56.32,0.16,6,-1,-1
189,2,355.15,547.82,104.04,62.37,0.20,4,-1,-1
189,4,368.42,524.16,302.54,145.09,1.00,9,-1,-1
189,59,1349.92,749.68,106.91,60.31,0.90,4,-1,-1
189,56,2584.72,1209.87,152.84,178.84,0.54,5,-1,-1
189,65,2395.16,853.35,262.62,130.72,0.90,6,-1,-1
190,2,337.51,552.69,118.05,68.65,0.13,4,-1,-1
190,4,344.43,526.30,308.01,147.86,1.00,9,-1,-1
190,59,1331.08,745.45,101.02,58.88,0.16,4,-1,-1
190,65,2365.65,850.90,258.09,129.07,0.96,6,-1,-1
190,57,317.04,397.16,125.71,59.23,0.52,6,-1,-1
191,4,319.52,529.51,312.78,150.00,0.99,9,-1,-1
191,65,2335.16,847.24,255.63,130.83,0.96,6,-1,-1
191,57,309.81,396.84,129.06,58.69,0.67,6,-1,-1
191,66,557.95,418.36,57.20,32.87,0.75,4,-1,-1
192,4,295.17,532.66,316.57,151.30,0.99,9,-1,-1
192,65,2306.49,843.09,251.97,127.96,0.92,6,-1,-1
192,57,307.50,396.77,131.11,57.34,0.43,6,-1,-1
192,66,556.18,417.17,57.89,33.38,0.73,4,-1,-1
193,4,268.62,534.05,323.02,154.53,0.99,9,-1,-1
193,65,2277.45,838.83,250.18,129.19,0.79,6,-1,-1
193,57,299.66,397.01,133.95,57.97,0.47,6,-1,-1
193,66,556.82,416.27,56.05,32.50,0.54,4,-1,-1
194,4,242.75,536.48,328.00,156.28,1.00,9,-1,-1
194,65,2250.68,836.33,246.94,126.21,0.79,6,-1,-1
194,57,294.08,397.27,136.11,58.62,0.61,6,-1,-1
194,66,557.81,415.16,55.43,32.37,0.39,4,-1,-1
195,4,215.09,539.29,334.83,158.54,1.00,9,-1,-1
195,65,2223.49,832.92,243.19,124.20,0.90,6,-1,-1
195,57,285.85,397.38,140.23,59.42,0.85,6,-1,-1
195,66,556.10,415.16,56.59,33.64,0.46,4,-1,-1
196,4,186.24,542.20,341.89,161.58,1.00,9,-1,-1
196,65,2198.50,830.08,239.30,126.36,0.86,6,-1,-1
196,57,274.51,396.69,143.97,62.94,0.45,6,-1,-1
196,66,551.25,415.92,52.68,33.30,0.30,4,-1,-1
197,4,158.97,544.60,346.13,164.34,1.00,9,-1,-1
197,65,2171.99,826.81,235.41,126.02,0.76,6,-1,-1
197,57,253.51,396.95,153.08,63.43,0.75,6,-1,-1
197,66,544.25,416.65,49.45,32.41,0.75,4,-1,-1
197,67,988.69,831.17,85.38,86.66,0.78,4,-1,-1
198,4,131.13,547.12,351.00,166.46,1.00,9,-1,-1
198,65,2146.14,824.39,231.57,122.79,0.84,6,-1,-1
198,57,255.34,397.07,147.05,62.78,0.63,6,-1,-1
198,66,538.31,417.38,50.93,31.65,0.86,4,-1,-1
198,67,987.30,833.55,109.97,89.74,0.81,4,-1,-1
199,4,101.47,549.41,356.67,169.43,0.99,9,-1,-1
199,65,2118.21,821.05,232.35,124.16,0.81,6,-1,-1
199,57,240.65,396.99,150.61,63.76,0.64,6,-1,-1
199,66,528.16,418.24,59.11,33.76,0.87,4,-1,-1
199,67,984.03,851.90,138.50,78.94,0.89,4,-1,-1
200,4,69.38,553.54,364.92,171.04,0.99,9,-1,-1
200,65,2091.72,817.33,230.34,123.25,0.64,6,-1,-1
200,57,236.15,396.69,146.91,64.95,0.57,6,-1,-1
200,66,522.36,419.11,64.71,36.20,0.67,4,-1,-1
200,67,992.22,862.66,160.13,79.16,0.68,4,-1,-1
201,4,38.29,558.10,370.91,172.70,0.99,9,-1,-1
201,65,2066.97,813.52,224.98,123.78,0.58,6,-1,-1
201,57,233.98,396.44,143.12,64.14,0.24,6,-1,-1
201,67,1025.09,870.48,159.84,76.73,0.96,4,-1,-1
201,68,359.87,545.15,74.71,47.81,0.98,4,-1,-1
202,4,9.23,561.17,374.85,175.47,0.99,9,-1,-1
202,65,2041.62,809.60,222.94,124.26,0.65,6,-1,-1
202,67,1056.70,876.81,162.89,78.68,0.99,4,-1,-1
202,68,356.91,544.11,79.15,49.18,0.96,4,-1,-1
203,4,-5.41,564.18,363.30,178.14,0.97,9,-1,-1
203,65,2015.00,805.48,222.19,125.02,0.74,6,-1,-1
203,67,1089.89,883.43,162.46,78.17,0.99,4,-1,-1
203,68,355.83,543.90,78.05,47.48,0.98,4,-1,-1
203,69,863.61,842.70,142.16,104.16,0.85,4,-1,-1
204,4,-9.56,568.00,340.02,178.56,0.92,9,-1,-1
204,65,1990.30,801.27,219.65,125.89,0.78,6,-1,-1
204,67,1127.15,890.74,159.55,79.27,0.99,4,-1,-1
204,68,355.53,543.17,77.33,47.58,0.97,4,-1,-1
204,69,892.60,867.27,134.99,83.68,0.96,4,-1,-1
204,66,494.90,417.15,59.02,37.09,0.50,4,-1,-1
205,4,-9.75,572.43,311.31,176.98,0.91,9,-1,-1
205,65,1963.83,799.04,218.71,123.70,0.83,6,-1,-1
205,67,1159.46,897.16,162.52,79.71,0.99,4,-1,-1
205,68,354.78,543.60,76.82,47.01,0.97,4,-1,-1
205,69,911.60,880.78,142.94,79.46,0.95,4,-1,-1
205,66,489.97,415.69,59.37,37.73,0.89,4,-1,-1
206,4,-8.86,577.10,281.71,174.58,0.74,9,-1,-1
206,65,1940.27,795.97,213.84,120.57,0.69,6,-1,-1
206,67,1195.20,904.90,162.31,79.89,0.99,4,-1,-1
206,68,354.16,544.06,76.99,46.84,0.97,4,-1,-1
206,69,938.64,887.20,146.83,79.73,0.98,4,-1,-1
206,66,487.25,415.45,60.61,37.38,0.97,4,-1,-1
207,4,-7.87,582.12,250.76,168.54,0.78,9,-1,-1
207,65,1912.98,792.43,214.33,120.27,0.83,6,-1,-1
207,67,1230.49,911.46,163.05,81.14,1.00,4,-1,-1
207,68,353.41,543.61,77.38,47.42,0.98,4,-1,-1
207,69,966.42,892.59,150.37,82.53,0.99,4,-1,-1
207,66,484.85,415.22,61.07,38.23,0.97,4,-1,-1
208,4,-5.72,586.17,219.12,163.33,0.66,9,-1,-1
208,65,1890.30,788.91,210.00,119.04,0.61,6,-1,-1
208,67,1264.04,918.71,167.59,82.75,0.99,4,-1,-1
208,68,352.70,543.15,77.82,48.22,0.97,4,-1,-1
208,69,995.79,897.73,152.60,84.67,1.00,4,-1,-1
208,66,483.40,415.69,57.86,37.15,0.96,4,-1,-1
209,4,-3.90,589.80,186.99,161.38,0.65,9,-1,-1
209,65,1866.97,786.34,208.42,115.47,0.85,6,-1,-1
209,67,1299.99,926.83,169.16,83.36,1.00,4,-1,-1
209,68,353.23,542.99,76.83,47.94,0.95,4,-1,-1
209,69,1027.19,904.01,153.21,85.41,1.00,4,-1,-1
209,66,482.01,417.01,53.18,37.29,0.88,4,-1,-1
210,4,-2.61,592.44,153.38,162.38,0.22,9,-1,-1
210,65,1842.20,782.62,207.89,114.16,0.83,6,-1,-1
210,67,1336.37,935.78,170.69,83.59,1.00,4,-1,-1
210,68,354.28,543.21,76.18,47.26,0.96,4,-1,-1
210,69,1058.57,911.25,154.44,85.63,0.99,4,-1,-1
210,66,479.62,416.91,52.09,37.62,0.92,4,-1,-1
211,65,1816.92,778.63,207.76,114.29,0.95,6,-1,-1
211,67,1372.83,944.64,174.44,84.81,1.00,4,-1,-1
211,68,353.93,543.09,76.24,48.17,0.95,4,-1,-1
211,69,1089.85,918.37,154.77,86.84,1.00,4,-1,-1
211,66,468.40,416.81,58.15,37.89,0.92,4,-1,-1
212,65,1792.56,775.25,207.75,112.95,0.98,6,-1,-1
212,67,1410.91,953.86,175.75,84.14,1.00,4,-1,-1
212,68,353.71,543.02,75.99,47.93,0.95,4,-1,-1
212,69,1122.21,925.30,155.93,87.26,1.00,4,-1,-1
212,66,459.56,416.32,63.00,38.69,0.96,4,-1,-1
213,65,1769.64,772.99,205.52,111.33,0.98,6,-1,-1
213,67,1447.94,962.68,179.41,85.00,1.00,4,-1,-1
213,68,353.50,543.90,75.33,46.70,0.96,4,-1,-1
213,69,1154.87,933.34,157.40,87.37,0.99,4,-1,-1
213,66,452.67,416.75,64.38,39.27,0.95,4,-1,-1
214,65,1744.95,769.96,204.73,110.20,0.93,6,-1,-1
214,67,1486.62,971.87,182.91,86.44,1.00,4,-1,-1
214,68,353.07,543.93,75.39,46.24,0.97,4,-1,-1
214,69,1188.12,940.60,159.01,88.52,0.99,4,-1,-1
214,66,447.87,416.74,64.35,39.34,0.94,4,-1,-1
214,57,161.29,402.43,64.47,35.62,0.86,4,-1,-1
215,65,1720.25,766.66,205.04,109.25,0.81,6,-1,-1
215,67,1527.13,981.20,184.13,86.98,1.00,4,-1,-1
215,68,353.27,543.55,74.84,46.65,0.97,4,-1,-1
215,69,1220.51,948.11,161.79,90.07,1.00,4,-1,-1
215,66,442.40,416.65,62.09,37.40,0.95,4,-1,-1
215,57,156.74,401.49,61.07,34.83,0.79,6,-1,-1
216,65,1697.77,763.34,202.37,108.95,0.93,6,-1,-1
216,67,1566.65,990.68,190.00,88.30,1.00,4,-1,-1
216,68,352.57,543.19,74.94,46.81,0.96,4,-1,-1
216,69,1254.73,955.83,163.90,91.76,1.00,4,-1,-1
216,66,435.65,416.67,60.06,36.36,0.98,4,-1,-1
217,65,1674.41,759.08,201.41,110.01,0.96,6,-1,-1
217,67,1609.48,999.57,193.26,89.91,1.00,4,-1,-1
217,68,351.84,543.89,75.27,45.74,0.98,4,-1,-1
217,69,1289.07,963.55,165.75,92.37,0.99,4,-1,-1
217,66,431.03,417.66,58.72,34.69,0.99,4,-1,-1
218,65,1649.74,755.37,203.36,111.00,0.95,6,-1,-1
218,67,1652.23,1009.38,196.04,92.73,1.00,4,-1,-1
218,68,351.75,543.89,75.12,45.91,0.98,4,-1,-1
218,69,1325.31,972.41,165.26,92.57,1.00,4,-1,-1
218,66,426.99,418.18,58.66,33.64,0.98,4,-1,-1
218,70,2542.60,885.39,167.34,68.30,0.61,4,-1,-1
219,65,1627.17,750.11,202.43,111.95,0.96,6,-1,-1
219,67,1696.85,1019.46,200.86,94.88,1.00,4,-1,-1
219,68,351.08,543.93,75.64,45.41,0.96,4,-1,-1
219,69,1362.60,981.11,166.11,93.72,1.00,4,-1,-1
219,66,421.61,418.84,60.62,33.42,0.98,4,-1,-1
219,70,2517.93,882.62,172.81,66.93,0.94,4,-1,-1
219,57,130.84,404.98,58.38,35.88,0.63,6,-1,-1
220,65,1605.56,745.78,200.41,112.90,0.93,6,-1,-1
220,67,1742.25,1029.78,204.26,96.81,1.00,4,-1,-1
220,68,350.18,543.33,76.68,46.95,0.96,4,-1,-1
220,69,1398.67,990.91,169.73,94.15,1.00,4,-1,-1
220,66,416.60,419.46,62.33,33.21,0.99,4,-1,-1
220,70,2491.11,880.18,171.24,65.35,0.96,4,-1,-1
220,57,126.94,405.86,60.98,36.44,0.51,6,-1,-1
221,65,1581.87,742.52,201.39,114.39,0.91,6,-1,-1
221,67,1788.94,1040.03,206.00,98.62,1.00,4,-1,-1
221,68,350.05,543.10,76.52,46.95,0.96,4,-1,-1
221,69,1436.34,999.92,172.17,95.39,1.00,4,-1,-1
221,66,411.70,418.96,62.98,33.58,0.99,4,-1,-1
221,70,2459.29,874.90,170.71,66.51,0.98,4,-1,-1
221,57,121.92,403.18,56.83,34.77,0.58,6,-1,-1
222,65,1562.10,741.20,200.09,111.03,0.85,6,-1,-1
222,67,1836.84,1050.93,210.97,100.39,0.99,4,-1,-1
222,68,349.84,543.08,76.74,47.52,0.96,4,-1,-1
222,69,1475.37,1008.73,176.38,98.06,0.99,4,-1,-1
222,66,409.44,419.26,59.45,33.30,0.98,4,-1,-1
222,70,2429.74,870.23,168.02,65.62,0.99,4,-1,-1
222,57,116.12,402.06,55.31,35.27,0.55,6,-1,-1
223,65,1540.91,738.58,197.36,111.45,0.59,6,-1,-1
223,67,1885.03,1061.44,214.97,103.25,1.00,4,-1,-1
223,68,349.38,543.35,76.82,47.73,0.97,4,-1,-1
223,69,1515.90,1018.47,179.03,100.16,1.00,4,-1,-1
223,66,406.45,419.06,56.77,33.49,0.97,4,-1,-1
223,70,2398.80,865.72,167.18,65.32,0.99,4,-1,-1
223,57,106.00,399.81,58.44,36.30,0.37,6,-1,-1
224,65,1520.26,736.89,195.23,108.22,0.69,6,-1,-1
224,67,1935.50,1072.95,220.82,105.41,0.99,4,-1,-1
224,68,348.77,543.46,77.41,47.25,0.97,4,-1,-1
224,69,1556.98,1029.18,182.20,100.94,1.00,4,-1,-1
224,66,400.48,419.98,56.80,32.30,0.95,4,-1,-1
224,70,2370.06,861.96,164.54,64.63,0.99,4,-1,-1
224,57,102.76,398.56,52.78,34.43,0.17,6,-1,-1
225,65,1499.24,734.70,194.48,104.15,0.95,6,-1,-1
225,67,1985.72,1083.71,225.17,108.41,1.00,4,-1,-1
225,68,347.98,544.65,77.63,45.93,0.96,4,-1,-1
225,69,1599.90,1039.14,185.01,103.42,1.00,4,-1,-1
225,66,394.18,419.90,57.68,32.86,0.98,4,-1,-1
225,70,2342.12,858.43,163.67,64.40,0.99,4,-1,-1
225,57,96.31,397.53,51.84,35.41,0.20,6,-1,-1
226,65,1479.68,730.83,191.96,104.98,0.93,6,-1,-1
226,67,2036.80,1095.78,231.12,109.52,1.00,4,-1,-1
226,68,348.78,545.08,75.74,46.00,0.98,4,-1,-1
226,69,1641.75,1050.39,190.44,104.33,1.00,4,-1,-1
226,66,389.42,419.29,57.16,33.36,0.97,4,-1,-1
226,70,2313.20,854.07,163.42,64.63,0.99,4,-1,-1
226,57,96.58,396.47,48.17,36.04,0.16,6,-1,-1
226,71,2547.72,1013.45,167.34,99.04,0.86,4,-1,-1
227,65,1458.60,727.81,193.35,105.31,0.94,6,-1,-1
227,67,2089.52,1108.43,237.71,109.91,0.99,4,-1,-1
227,68,349.17,545.48,75.02,46.03,0.97,4,-1,-1
227,69,1687.75,1061.10,191.36,105.75,0.99,4,-1,-1
227,66,385.92,419.44,54.70,32.85,0.95,4,-1,-1
227,70,2284.24,849.77,163.40,64.73,0.99,4,-1,-1
227,57,91.40,397.45,54.30,36.00,0.23,6,-1,-1
227,71,2508.08,1007.30,202.86,96.31,0.98,4,-1,-1
228,65,1438.47,725.93,189.37,103.19,0.87,6,-1,-1
228,67,2147.04,1120.70,237.94,112.21,1.00,4,-1,-1
228,68,349.30,545.61,74.47,45.48,0.97,4,-1,-1
228,69,1734.73,1071.54,194.38,107.36,0.99,4,-1,-1
228,66,384.25,419.05,51.91,32.52,0.94,4,-1,-1
228,70,2256.22,846.01,161.12,64.77,0.99,4,-1,-1
228,57,82.31,400.10,51.49,35.12,0.56,6,-1,-1
228,71,2468.76,1000.11,204.34,93.12,0.99,4,-1,-1
229,65,1417.61,722.77,190.20,104.14,0.77,6,-1,-1
229,67,2203.28,1132.80,242.28,113.05,0.99,4,-1,-1
229,68,348.90,545.35,75.12,46.41,0.98,4,-1,-1
229,69,1780.33,1082.99,199.89,107.94,0.99,4,-1,-1
229,66,382.24,419.16,49.45,31.83,0.91,4,-1,-1
229,70,2228.62,841.61,160.33,65.08,1.00,4,-1,-1
229,57,79.16,400.82,55.03,34.50,0.18,6,-1,-1
229,71,2417.54,990.31,204.92,92.09,0.99,4,-1,-1
230,65,1399.94,721.14,186.01,101.68,0.63,6,-1,-1
230,67,2261.13,1144.90,250.45,116.66,1.00,4,-1,-1
230,68,348.25,544.95,75.94,46.77,0.96,4,-1,-1
230,69,1828.77,1093.76,204.14,110.35,1.00,4,-1,-1
230,66,379.29,418.76,46.27,31.44,0.70,4,-1,-1
230,70,2201.27,838.15,157.79,64.92,1.00,4,-1,-1
230,71,2369.06,979.84,202.57,93.17,0.99,4,-1,-1
231,65,1379.95,717.83,186.77,99.64,0.78,6,-1,-1
231,67,2320.49,1158.06,255.68,119.10,0.99,4,-1,-1
231,68,347.83,545.38,75.97,46.34,0.97,4,-1,-1
231,69,1878.18,1105.91,207.90,111.23,1.00,4,-1,-1
231,66,375.44,419.21,44.58,30.17,0.51,4,-1,-1
231,70,2173.87,835.05,156.89,64.01,1.00,4,-1,-1
231,71,2323.54,971.84,199.29,91.08,0.99,4,-1,-1
232,65,1361.32,712.40,181.41,100.06,0.80,6,-1,-1
232,67,2380.50,1171.04,264.17,123.29,0.99,4,-1,-1
232,68,347.66,545.81,75.13,45.61,0.98,4,-1,-1
232,69,1927.94,1116.33,213.66,114.85,0.99,4,-1,-1
232,66,373.20,417.62,44.63,30.57,0.26,4,-1,-1
232,70,2147.61,831.45,156.61,62.81,1.00,4,-1,-1
232,71,2276.96,964.01,198.16,89.18,1.00,4,-1,-1
233,65,1333.56,688.05,190.93,121.29,0.70,6,-1,-1
233,67,2442.96,1183.43,265.15,127.06,0.98,4,-1,-1
233,68,347.31,545.69,75.10,45.90,0.98,4,-1,-1
233,69,1977.88,1128.32,220.21,116.20,0.99,4,-1,-1
233,70,2120.73,827.99,154.28,61.81,1.00,4,-1,-1
233,71,2233.89,956.87,193.08,87.36,1.00,4,-1,-1
233,72,33.78,398.72,132.71,64.03,0.80,6,-1,-1
234,65,1317.74,683.31,185.45,123.00,0.15,6,-1,-1
234,67,2507.53,1197.28,221.09,125.18,0.97,4,-1,-1
234,68,346.96,545.37,75.66,46.02,0.99,4,-1,-1
234,69,2031.09,1140.42,224.83,117.78,1.00,4,-1,-1
234,70,2094.71,824.05,151.16,62.02,1.00,4,-1,-1
234,71,2192.01,949.43,188.93,85.60,1.00,4,-1,-1
234,72,30.44,397.86,130.74,64.89,0.84,6,-1,-1
235,65,1307.65,666.57,175.34,136.20,0.59,6,-1,-1
235,67,2572.63,1210.51,164.41,114.30,0.83,4,-1,-1
235,68,346.92,544.92,75.30,46.62,0.99,4,-1,-1
235,69,2086.67,1153.54,228.72,119.44,0.99,4,-1,-1
235,70,2068.97,820.11,150.07,62.40,1.00,4,-1,-1
235,71,2151.77,942.35,185.17,85.03,1.00,4,-1,-1
235,72,22.77,396.36,133.71,68.00,0.95,6,-1,-1
236,65,1300.40,651.72,165.81,147.62,0.49,6,-1,-1
236,68,346.96,545.08,75.17,46.29,0.99,4,-1,-1
236,69,2143.23,1165.48,232.30,122.25,0.99,4,-1,-1
236,70,2042.26,815.69,149.72,62.83,1.00,4,-1,-1
236,71,2109.88,934.91,183.92,84.88,1.00,4,-1,-1
236,72,14.56,397.67,134.66,68.25,0.69,6,-1,-1
236,73,2527.23,905.02,174.17,68.30,0.89,4,-1,-1
237,65,1292.33,644.81,156.61,149.53,0.12,6,-1,-1
237,68,347.05,545.40,74.84,46.17,0.99,4,-1,-1
237,69,2201.23,1179.14,237.98,124.39,0.99,4,-1,-1
237,70,2017.50,811.92,147.37,61.88,1.00,4,-1,-1
237,71,2070.91,927.89,181.24,83.72,1.00,4,-1,-1
237,72,7.75,399.40,134.07,68.86,0.85,6,-1,-1
237,73,2505.36,902.27,174.17,69.67,0.97,4,-1,-1
238,68,346.88,544.96,74.44,46.68,0.98,4,-1,-1
238,69,2263.99,1192.38,242.26,128.48,1.00,4,-1,-1
238,70,1992.19,808.12,146.55,61.53,1.00,4,-1,-1
238,71,2031.72,920.45,178.04,83.34,1.00,4,-1,-1
238,72,2.19,399.98,131.34,68.41,0.91,6,-1,-1
238,73,2476.10,897.83,176.80,72.55,0.97,4,-1,-1
239,68,347.31,544.82,74.01,46.88,0.98,4,-1,-1
239,69,2326.54,1206.48,248.20,131.09,0.99,4,-1,-1
239,70,1969.06,804.57,144.01,60.83,1.00,4,-1,-1
239,71,1993.72,912.26,176.97,84.40,1.00,4,-1,-1
239,72,-0.76,399.89,127.90,68.80,0.93,6,-1,-1
239,73,2445.26,894.35,177.69,69.64,0.98,4,-1,-1
240,68,347.43,545.02,73.85,46.39,0.98,4,-1,-1
240,69,2390.99,1220.96,252.58,133.15,0.98,4,-1,-1
240,70,1944.36,800.55,143.13,61.16,1.00,4,-1,-1
240,71,1954.88,904.95,176.67,84.82,1.00,4,-1,-1
240,72,-1.52,401.13,122.96,67.60,0.96,6,-1,-1
240,73,2414.61,889.51,175.34,68.56,0.97,4,-1,-1
241,68,347.32,545.11,74.08,46.20,0.99,4,-1,-1
241,69,2456.27,1235.02,251.94,136.09,0.98,4,-1,-1
241,70,1919.10,796.64,145.15,61.85,0.99,4,-1,-1
241,71,1918.08,898.53,174.35,83.86,0.99,4,-1,-1
241,72,-1.16,401.27,116.78,65.37,0.78,6,-1,-1
241,73,2385.81,886.23,174.51,69.48,0.97,4,-1,-1
242,68,347.59,545.39,74.17,46.13,0.99,4,-1,-1
242,69,2524.04,1251.08,207.06,130.55,0.98,4,-1,-1
242,70,1896.99,793.60,141.40,59.87,1.00,4,-1,-1
242,71,1881.99,891.87,171.27,82.39,1.00,4,-1,-1
242,72,-1.17,400.82,109.37,64.40,0.56,6,-1,-1
242,73,2357.77,882.85,171.80,67.40,0.98,4,-1,-1
243,68,346.65,544.64,75.06,46.67,0.99,4,-1,-1
243,69,2596.34,1266.39,140.22,120.35,0.85,4,-1,-1
243,70,1873.86,789.22,140.04,60.84,1.00,4,-1,-1
243,71,1846.19,885.14,170.23,81.87,0.99,4,-1,-1
243,72,-1.76,401.21,104.28,65.23,0.71,6,-1,-1
243,73,2328.90,878.26,170.86,69.07,0.99,4,-1,-1
244,68,346.64,543.32,75.95,47.43,0.96,4,-1,-1
244,70,1850.23,785.23,139.57,59.50,1.00,4,-1,-1
244,71,1810.40,877.55,167.62,81.70,1.00,4,-1,-1
244,72,-1.18,401.16,98.33,63.52,0.47,6,-1,-1
244,73,2302.04,873.62,168.20,68.50,0.99,4,-1,-1
245,68,346.17,542.79,76.02,46.60,0.95,4,-1,-1
245,70,1828.90,780.71,137.19,59.57,0.99,4,-1,-1
245,71,1777.12,870.70,164.47,80.24,1.00,4,-1,-1
245,72,-0.57,399.65,89.83,61.16,0.32,5,-1,-1
245,73,2273.86,868.84,167.29,68.01,0.99,4,-1,-1
246,68,345.99,541.93,74.91,46.85,0.89,4,-1,-1
246,70,1805.88,778.36,136.36,57.35,1.00,4,-1,-1
246,71,1742.18,864.49,163.40,77.74,1.00,4,-1,-1
246,72,-1.25,401.12,84.18,61.33,0.20,6,-1,-1
246,73,2246.09,864.43,167.01,69.30,0.98,4,-1,-1
247,68,344.70,541.38,76.20,47.51,0.91,4,-1,-1
247,70,1784.59,775.63,133.83,55.37,1.00,4,-1,-1
247,71,1707.84,858.74,160.80,75.40,1.00,4,-1,-1
247,72,-1.45,401.27,76.00,62.70,0.27,6,-1,-1
247,73,2219.72,861.18,164.65,68.63,0.99,4,-1,-1
248,68,344.53,541.28,74.99,47.20,0.94,4,-1,-1
248,70,1762.90,772.05,132.95,55.26,0.99,4,-1,-1
248,71,1675.55,853.63,159.36,74.59,1.00,4,-1,-1
248,72,-0.99,401.82,68.52,59.97,0.28,6,-1,-1
248,73,2192.83,858.03,163.83,68.39,0.99,4,-1,-1
248,74,268.95,420.71,55.50,31.80,0.86,4,-1,-1
249,68,343.09,541.33,76.51,47.63,0.94,4,-1,-1
249,70,1740.41,768.03,132.11,56.37,1.00,4,-1,-1
249,71,1643.35,848.30,156.63,74.62,1.00,4,-1,-1
249,72,-0.58,403.24,59.27,56.33,0.42,6,-1,-1
249,73,2166.82,855.88,161.27,67.16,0.99,4,-1,-1
250,68,341.60,541.06,77.35,47.80,0.95,4,-1,-1
250,70,1719.86,765.53,130.13,55.67,0.99,4,-1,-1
250,71,1612.29,843.43,153.40,73.24,1.00,4,-1,-1
250,72,-0.33,402.99,53.16,55.17,0.26,6,-1,-1
250,73,2139.92,852.35,160.37,67.85,0.99,4,-1,-1
251,68,341.07,540.93,77.11,47.30,0.95,4,-1,-1
251,70,1698.87,761.28,128.89,57.14,0.99,4,-1,-1
251,71,1580.46,837.56,150.58,72.48,0.99,4,-1,-1
251,72,-0.29,402.56,44.14,52.18,0.14,6,-1,-1
251,73,2115.03,848.59,160.10,67.27,0.99,4,-1,-1
251,75,250.80,421.35,50.37,30.74,0.79,4,-1,-1
252,68,340.18,540.35,77.57,47.67,0.97,4,-1,-1
252,70,1677.70,758.17,126.77,56.56,0.99,4,-1,-1
252,71,1548.88,832.24,148.49,72.82,0.99,4,-1,-1
252,73,2088.54,846.22,160.04,67.05,0.99,4,-1,-1
252,75,244.36,421.53,54.48,32.62,0.97,4,-1,-1
253,68,339.03,539.89,78.31,48.37,0.95,4,-1,-1
253,70,1655.95,754.90,128.34,56.92,0.96,4,-1,-1
253,71,1519.18,826.84,145.52,72.69,0.99,4,-1,-1
253,73,2063.82,843.80,157.79,65.85,0.99,4,-1,-1
253,75,241.60,421.58,55.58,33.63,0.96,4,-1,-1
254,68,337.88,539.99,78.30,48.07,0.92,4,-1,-1
254,70,1635.62,752.12,128.39,56.50,0.99,4,-1,-1
254,71,1488.95,821.93,144.53,71.83,0.98,4,-1,-1
254,73,2039.71,841.34,156.99,65.41,1.00,4,-1,-1
254,75,238.80,421.58,55.64,32.68,0.77,4,-1,-1
255,68,337.91,541.42,75.76,47.39,0.89,4,-1,-1
255,70,1617.01,750.37,125.63,55.79,0.97,4,-1,-1
255,71,1459.67,818.94,143.12,69.83,0.99,4,-1,-1
255,73,2015.90,840.01,154.48,64.98,0.99,4,-1,-1
255,75,232.68,422.40,59.75,33.94,0.66,4,-1,-1
255,76,223.69,569.91,75.13,42.69,0.82,4,-1,-1
256,68,339.00,542.96,73.63,47.69,0.90,4,-1,-1
256,70,1598.46,748.20,123.47,56.09,0.95,4,-1,-1
256,71,1430.16,816.12,142.68,68.81,0.99,4,-1,-1
256,73,1990.92,837.95,153.57,65.39,0.99,4,-1,-1
256,75,219.74,422.50,62.58,34.34,0.31,4,-1,-1
256,76,213.32,569.89,76.27,42.70,0.75,4,-1,-1
257,68,339.80,544.34,72.55,49.48,0.90,4,-1,-1
257,70,1579.20,747.36,122.71,56.20,0.78,4,-1,-1
257,71,1401.01,813.70,140.28,67.31,0.99,4,-1,-1
257,73,1967.66,837.39,150.98,66.10,0.99,4,-1,-1
257,75,214.14,424.08,62.69,34.31,0.74,4,-1,-1
257,76,198.77,570.81,76.08,42.05,0.92,4,-1,-1
258,68,337.87,546.48,73.01,49.04,0.78,4,-1,-1
258,70,1561.00,746.27,121.32,55.68,0.51,4,-1,-1
258,71,1372.18,812.10,139.47,65.93,0.99,4,-1,-1
258,73,1942.97,836.97,150.05,63.84,0.99,4,-1,-1
258,75,205.58,426.33,65.22,33.70,0.58,4,-1,-1
258,76,183.62,570.48,76.91,42.49,0.78,4,-1,-1
259,68,337.11,547.89,73.18,49.41,0.85,4,-1,-1
259,70,1541.21,744.29,120.84,56.05,0.79,4,-1,-1
259,71,1343.20,808.56,139.21,66.61,1.00,4,-1,-1
259,73,1918.58,836.36,149.73,62.11,1.00,4,-1,-1
259,75,195.12,427.66,71.68,35.06,0.22,4,-1,-1
259,76,171.02,569.53,74.53,42.64,0.91,4,-1,-1
260,68,337.93,548.97,72.12,48.98,0.85,4,-1,-1
260,70,1522.39,740.55,120.70,57.89,0.71,4,-1,-1
260,71,1316.25,804.31,138.05,66.32,0.99,4,-1,-1
260,73,1893.67,833.68,149.67,61.78,1.00,4,-1,-1
260,76,159.71,568.16,71.69,41.45,0.95,4,-1,-1
261,68,337.32,549.20,72.30,48.24,0.88,4,-1,-1
261,70,1502.33,737.36,121.83,59.13,0.41,4,-1,-1
261,71,1289.63,799.60,135.38,65.09,0.99,4,-1,-1
261,73,1869.21,828.88,149.67,63.10,0.99,4,-1,-1
261,76,143.82,566.71,74.02,41.64,0.91,4,-1,-1
262,68,336.49,549.23,72.94,47.95,0.85,4,-1,-1
262,70,1483.68,733.14,120.01,60.16,0.13,4,-1,-1
262,71,1263.85,794.30,133.32,64.67,0.98,4,-1,-1
262,73,1846.26,825.17,147.45,63.88,0.99,4,-1,-1
262,76,130.07,565.05,74.67,41.13,0.96,4,-1,-1
263,68,336.74,548.87,72.35,47.28,0.87,4,-1,-1
263,70,1467.30,730.43,115.95,57.20,0.44,4,-1,-1
263,71,1237.77,789.29,131.48,63.97,0.96,4,-1,-1
263,73,1822.77,821.81,144.37,62.21,1.00,4,-1,-1
263,76,117.45,562.69,74.05,39.18,0.98,4,-1,-1
264,68,335.38,547.87,74.12,47.60,0.91,4,-1,-1
264,70,1450.04,727.61,113.32,56.04,0.35,4,-1,-1
264,71,1210.99,781.65,130.88,66.04,0.80,4,-1,-1
264,73,1796.76,818.15,145.58,60.74,0.99,4,-1,-1
264,76,105.36,560.74,72.38,37.30,0.97,4,-1,-1
265,68,335.24,547.35,73.65,46.59,0.84,4,-1,-1
265,71,1190.85,777.71,123.85,64.00,0.77,4,-1,-1
265,73,1772.12,815.93,146.05,59.63,1.00,4,-1,-1
265,76,93.91,558.49,71.04,36.66,0.99,4,-1,-1
